0	 0	 0
1	 0	 0
2	 0	 0
3	 0	 0
4	 0	 0
5	 0	 0
6	 0	 0
7	 0	 0
8	 0	 0
9	 0	 0
10	 0	 0
11	 0	 0
12	 0	 0
13	 0	 0
14	 0	 0
15	 0	 0
16	 0	 0
17	 0	 0
18	 0	 0
19	 0	 0
20	 0	 0
21	 0	 0
22	 0	 0
23	 0	 0
24	 0	 0
25	 0	 0
26	 0	 0
27	 0	 0
28	 0	 0
29	 0	 0
30	 0	 0
31	 0	 0
32	 0	 0
33	 0	 0
34	 0	 0
35	 0	 0
36	 0	 0
37	 0	 0
38	 0	 0
39	 0	 0
40	 0	 0
41	 0	 0
42	 0	 0
43	 0	 0
44	 0	 0
45	 0	 0
46	 0	 0
47	 0	 0
48	 0	 0
49	 0	 0
50	 0	 0
51	 0	 0
52	 0	 0
53	 0	 0
54	 0	 0
55	 0	 0
56	 0	 0
57	 0	 0
58	 0	 0
59	 0	 0
60	 0	 0
61	 0	 0
62	 0	 0
63	 0	 0
64	 0	 0
65	 0	 0
66	 0	 0
67	 0	 0
68	 0	 0
69	 0	 0
70	 0	 0
71	 0	 0
72	 0	 0
73	 0	 0
74	 0	 0
75	 0	 0
76	 0	 0
77	 0	 0
78	 0	 0
79	 0	 0
80	 0	 0
81	 0	 0
82	 0	 0
83	 0	 0
84	 0	 0
85	 0	 0
86	 0	 0
87	 0	 0
88	 0	 0
89	 0	 0
90	 0	 0
91	 0	 0
92	 0	 0
93	 0	 0
94	 0	 0
95	 0	 0
96	 0	 0
97	 0	 0
98	 0	 0
99	 0	 0
100	 0	 0
101	 0	 0
102	 0	 0
103	 0	 0
104	 0	 0
105	 0	 0
106	 0	 0
107	 0	 0
108	 0	 0
109	 0	 0
110	 0	 0
111	 0	 0
112	 0	 0
113	 0	 0
114	 0	 0
115	 0	 0
116	 0	 0
117	 0	 0
118	 0	 0
119	 0	 0
120	 0	 0
121	 0	 0
122	 0	 0
123	 0	 0
124	 0	 0
125	 0	 0
126	 0	 0
127	 0	 0
128	 0	 0
129	 0	 1
0	 1	 0
1	 1	 0.000131505
2	 1	 0.00026301
3	 1	 0.000394515
4	 1	 0.000526021
5	 1	 0.000657527
6	 1	 0.000789034
7	 1	 0.000920544
8	 1	 0.00105206
9	 1	 0.00118358
10	 1	 0.0013151
11	 1	 0.00144664
12	 1	 0.0015782
13	 1	 0.00170977
14	 1	 0.00184137
15	 1	 0.00197299
16	 1	 0.00210466
17	 1	 0.00223637
18	 1	 0.00236814
19	 1	 0.00249997
20	 1	 0.00263188
21	 1	 0.00276388
22	 1	 0.00289598
23	 1	 0.00302821
24	 1	 0.00316057
25	 1	 0.00329308
26	 1	 0.00342578
27	 1	 0.00355867
28	 1	 0.00369178
29	 1	 0.00382514
30	 1	 0.00395878
31	 1	 0.00409272
32	 1	 0.004227
33	 1	 0.00436166
34	 1	 0.00449672
35	 1	 0.00463224
36	 1	 0.00476824
37	 1	 0.00490478
38	 1	 0.0050419
39	 1	 0.00517966
40	 1	 0.0053181
41	 1	 0.00545728
42	 1	 0.00559726
43	 1	 0.00573811
44	 1	 0.0058799
45	 1	 0.00602269
46	 1	 0.00616655
47	 1	 0.00631157
48	 1	 0.00645784
49	 1	 0.00660543
50	 1	 0.00675445
51	 1	 0.00690499
52	 1	 0.00705715
53	 1	 0.00721105
54	 1	 0.0073668
55	 1	 0.00752452
56	 1	 0.00768435
57	 1	 0.00784642
58	 1	 0.00801087
59	 1	 0.00817786
60	 1	 0.00834755
61	 1	 0.00852011
62	 1	 0.00869573
63	 1	 0.00887459
64	 1	 0.00905691
65	 1	 0.00924289
66	 1	 0.00943277
67	 1	 0.0096268
68	 1	 0.00982522
69	 1	 0.0100283
70	 1	 0.0102364
71	 1	 0.0104498
72	 1	 0.0106688
73	 1	 0.0108939
74	 1	 0.0111253
75	 1	 0.0113635
76	 1	 0.0116089
77	 1	 0.0118621
78	 1	 0.0121235
79	 1	 0.0123937
80	 1	 0.0126733
81	 1	 0.012963
82	 1	 0.0132634
83	 1	 0.0135753
84	 1	 0.0138996
85	 1	 0.0142372
86	 1	 0.014589
87	 1	 0.0149561
88	 1	 0.0153398
89	 1	 0.0157413
90	 1	 0.016162
91	 1	 0.0166036
92	 1	 0.0170679
93	 1	 0.0175566
94	 1	 0.0180721
95	 1	 0.0186168
96	 1	 0.0191933
97	 1	 0.0198047
98	 1	 0.0204546
99	 1	 0.0211467
100	 1	 0.0218855
101	 1	 0.0226761
102	 1	 0.0235244
103	 1	 0.024437
104	 1	 0.0254217
105	 1	 0.0264876
106	 1	 0.0276454
107	 1	 0.0289077
108	 1	 0.0302894
109	 1	 0.0318085
110	 1	 0.0334869
111	 1	 0.0353511
112	 1	 0.037434
113	 1	 0.0397766
114	 1	 0.042431
115	 1	 0.045464
116	 1	 0.048963
117	 1	 0.0530445
118	 1	 0.0578674
119	 1	 0.0636538
120	 1	 0.0707245
121	 1	 0.0795598
122	 1	 0.0909122
123	 1	 0.106029
124	 1	 0.127125
125	 1	 0.158495
126	 1	 0.209389
127	 1	 0.302347
128	 1	 0.5
129	 1	 1
0	 2	 0
1	 2	 0.00026301
2	 2	 0.00052602
3	 2	 0.00078903
4	 2	 0.00105204
5	 2	 0.00131505
6	 2	 0.00157807
7	 2	 0.00184108
8	 2	 0.00210411
9	 2	 0.00236715
10	 2	 0.0026302
11	 2	 0.00289327
12	 2	 0.00315637
13	 2	 0.00341951
14	 2	 0.0036827
15	 2	 0.00394595
16	 2	 0.00420928
17	 2	 0.00447269
18	 2	 0.00473621
19	 2	 0.00499987
20	 2	 0.00526367
21	 2	 0.00552766
22	 2	 0.00579185
23	 2	 0.00605628
24	 2	 0.00632098
25	 2	 0.00658599
26	 2	 0.00685135
27	 2	 0.00711711
28	 2	 0.00738331
29	 2	 0.00765001
30	 2	 0.00791725
31	 2	 0.00818511
32	 2	 0.00845364
33	 2	 0.00872291
34	 2	 0.008993
35	 2	 0.00926398
36	 2	 0.00953595
37	 2	 0.00980898
38	 2	 0.0100832
39	 2	 0.0103586
40	 2	 0.0106355
41	 2	 0.0109138
42	 2	 0.0111937
43	 2	 0.0114753
44	 2	 0.0117588
45	 2	 0.0120443
46	 2	 0.0123319
47	 2	 0.0126219
48	 2	 0.0129143
49	 2	 0.0132094
50	 2	 0.0135074
51	 2	 0.0138083
52	 2	 0.0141126
53	 2	 0.0144202
54	 2	 0.0147316
55	 2	 0.0150469
56	 2	 0.0153665
57	 2	 0.0156904
58	 2	 0.0160192
59	 2	 0.016353
60	 2	 0.0166922
61	 2	 0.0170372
62	 2	 0.0173882
63	 2	 0.0177457
64	 2	 0.0181101
65	 2	 0.0184819
66	 2	 0.0188614
67	 2	 0.0192492
68	 2	 0.0196458
69	 2	 0.0200517
70	 2	 0.0204676
71	 2	 0.020894
72	 2	 0.0213317
73	 2	 0.0217813
74	 2	 0.0222437
75	 2	 0.0227197
76	 2	 0.0232101
77	 2	 0.0237159
78	 2	 0.0242382
79	 2	 0.024778
80	 2	 0.0253366
81	 2	 0.0259152
82	 2	 0.0265153
83	 2	 0.0271383
84	 2	 0.027786
85	 2	 0.0284601
86	 2	 0.0291627
87	 2	 0.0298958
88	 2	 0.0306618
89	 2	 0.0314633
90	 2	 0.0323032
91	 2	 0.0331847
92	 2	 0.0341112
93	 2	 0.0350865
94	 2	 0.0361151
95	 2	 0.0372017
96	 2	 0.0383517
97	 2	 0.0395711
98	 2	 0.0408669
99	 2	 0.0422467
100	 2	 0.0437192
101	 2	 0.0452947
102	 2	 0.0469845
103	 2	 0.0488018
104	 2	 0.0507622
105	 2	 0.0528833
106	 2	 0.0551863
107	 2	 0.0576959
108	 2	 0.0604413
109	 2	 0.0634579
110	 2	 0.066788
111	 2	 0.0704836
112	 2	 0.0746083
113	 2	 0.0792415
114	 2	 0.0844834
115	 2	 0.090462
116	 2	 0.0973435
117	 2	 0.105348
118	 2	 0.114771
119	 2	 0.126023
120	 2	 0.139684
121	 2	 0.156602
122	 2	 0.17806
123	 2	 0.206078
124	 2	 0.243977
125	 2	 0.297466
126	 2	 0.376713
127	 2	 0.5
128	 2	 0.697653
129	 2	 1
0	 3	 0
1	 3	 0.000394515
2	 3	 0.00078903
3	 3	 0.00118354
4	 3	 0.00157806
5	 3	 0.00197257
6	 3	 0.00236709
7	 3	 0.00276162
8	 3	 0.00315615
9	 3	 0.0035507
10	 3	 0.00394527
11	 3	 0.00433987
12	 3	 0.00473451
13	 3	 0.00512921
14	 3	 0.00552398
15	 3	 0.00591883
16	 3	 0.0063138
17	 3	 0.0067089
18	 3	 0.00710416
19	 3	 0.00749961
20	 3	 0.00789529
21	 3	 0.00829123
22	 3	 0.00868747
23	 3	 0.00908408
24	 3	 0.00948108
25	 3	 0.00987855
26	 3	 0.0102765
27	 3	 0.0106751
28	 3	 0.0110743
29	 3	 0.0114743
30	 3	 0.0118751
31	 3	 0.0122768
32	 3	 0.0126795
33	 3	 0.0130833
34	 3	 0.0134884
35	 3	 0.0138948
36	 3	 0.0143026
37	 3	 0.014712
38	 3	 0.0151232
39	 3	 0.0155362
40	 3	 0.0159513
41	 3	 0.0163686
42	 3	 0.0167883
43	 3	 0.0172106
44	 3	 0.0176357
45	 3	 0.0180637
46	 3	 0.018495
47	 3	 0.0189298
48	 3	 0.0193682
49	 3	 0.0198106
50	 3	 0.0202573
51	 3	 0.0207085
52	 3	 0.0211645
53	 3	 0.0216257
54	 3	 0.0220925
55	 3	 0.0225652
56	 3	 0.0230441
57	 3	 0.0235297
58	 3	 0.0240225
59	 3	 0.0245228
60	 3	 0.0250312
61	 3	 0.0255481
62	 3	 0.0260742
63	 3	 0.02661
64	 3	 0.0271561
65	 3	 0.0277131
66	 3	 0.0282818
67	 3	 0.0288628
68	 3	 0.029457
69	 3	 0.0300651
70	 3	 0.0306881
71	 3	 0.0313269
72	 3	 0.0319826
73	 3	 0.0326561
74	 3	 0.0333486
75	 3	 0.0340614
76	 3	 0.0347959
77	 3	 0.0355533
78	 3	 0.0363353
79	 3	 0.0371436
80	 3	 0.0379798
81	 3	 0.038846
82	 3	 0.0397442
83	 3	 0.0406767
84	 3	 0.0416459
85	 3	 0.0426547
86	 3	 0.0437058
87	 3	 0.0448024
88	 3	 0.0459482
89	 3	 0.047147
90	 3	 0.0484029
91	 3	 0.0497207
92	 3	 0.0511056
93	 3	 0.0525632
94	 3	 0.0541
95	 3	 0.0557232
96	 3	 0.0574406
97	 3	 0.0592612
98	 3	 0.0611952
99	 3	 0.0632538
100	 3	 0.0654501
101	 3	 0.0677989
102	 3	 0.0703169
103	 3	 0.0730237
104	 3	 0.0759418
105	 3	 0.0790973
106	 3	 0.0825207
107	 3	 0.0862481
108	 3	 0.0903221
109	 3	 0.0947936
110	 3	 0.0997237
111	 3	 0.105187
112	 3	 0.111274
113	 3	 0.118098
114	 3	 0.125799
115	 3	 0.134557
116	 3	 0.144601
117	 3	 0.156232
118	 3	 0.169846
119	 3	 0.185984
120	 3	 0.205388
121	 3	 0.229105
122	 3	 0.258648
123	 3	 0.296246
124	 3	 0.345241
125	 3	 0.410676
126	 3	 0.499999
127	 3	 0.623286
128	 3	 0.790611
129	 3	 1
0	 4	 0
1	 4	 0.000526021
2	 4	 0.00105204
3	 4	 0.00157806
4	 4	 0.00210408
5	 4	 0.00263009
6	 4	 0.00315612
7	 4	 0.00368214
8	 4	 0.00420818
9	 4	 0.00473423
10	 4	 0.00526031
11	 4	 0.00578643
12	 4	 0.0063126
13	 4	 0.00683884
14	 4	 0.00736516
15	 4	 0.00789161
16	 4	 0.00841819
17	 4	 0.00894495
18	 4	 0.00947191
19	 4	 0.00999913
20	 4	 0.0105266
21	 4	 0.0110545
22	 4	 0.0115827
23	 4	 0.0121115
24	 4	 0.0126407
25	 4	 0.0131706
26	 4	 0.0137011
27	 4	 0.0142325
28	 4	 0.0147646
29	 4	 0.0152978
30	 4	 0.0158321
31	 4	 0.0163675
32	 4	 0.0169043
33	 4	 0.0174426
34	 4	 0.0179824
35	 4	 0.0185241
36	 4	 0.0190676
37	 4	 0.0196133
38	 4	 0.0201613
39	 4	 0.0207118
40	 4	 0.021265
41	 4	 0.0218211
42	 4	 0.0223804
43	 4	 0.0229432
44	 4	 0.0235096
45	 4	 0.02408
46	 4	 0.0246547
47	 4	 0.0252339
48	 4	 0.0258181
49	 4	 0.0264075
50	 4	 0.0270026
51	 4	 0.0276037
52	 4	 0.0282113
53	 4	 0.0288257
54	 4	 0.0294475
55	 4	 0.0300771
56	 4	 0.030715
57	 4	 0.0313619
58	 4	 0.0320181
59	 4	 0.0326845
60	 4	 0.0333615
61	 4	 0.03405
62	 4	 0.0347505
63	 4	 0.0354639
64	 4	 0.036191
65	 4	 0.0369327
66	 4	 0.0376897
67	 4	 0.0384632
68	 4	 0.0392542
69	 4	 0.0400637
70	 4	 0.0408929
71	 4	 0.0417431
72	 4	 0.0426156
73	 4	 0.0435118
74	 4	 0.0444332
75	 4	 0.0453816
76	 4	 0.0463586
77	 4	 0.0473661
78	 4	 0.0484063
79	 4	 0.0494811
80	 4	 0.0505931
81	 4	 0.0517447
82	 4	 0.0529388
83	 4	 0.0541783
84	 4	 0.0554664
85	 4	 0.0568068
86	 4	 0.0582033
87	 4	 0.0596601
88	 4	 0.0611817
89	 4	 0.0627734
90	 4	 0.0644407
91	 4	 0.0661897
92	 4	 0.0680272
93	 4	 0.0699607
94	 4	 0.0719987
95	 4	 0.0741504
96	 4	 0.0764263
97	 4	 0.078838
98	 4	 0.0813987
99	 4	 0.0841233
100	 4	 0.0870286
101	 4	 0.0901337
102	 4	 0.0934606
103	 4	 0.0970344
104	 4	 0.100884
105	 4	 0.105043
106	 4	 0.109551
107	 4	 0.114454
108	 4	 0.119805
109	 4	 0.125671
110	 4	 0.132126
111	 4	 0.139266
112	 4	 0.147203
113	 4	 0.156076
114	 4	 0.166058
115	 4	 0.177366
116	 4	 0.190273
117	 4	 0.205131
118	 4	 0.222399
119	 4	 0.242679
120	 4	 0.266777
121	 4	 0.295782
122	 4	 0.331182
123	 4	 0.375016
124	 4	 0.430064
125	 4	 0.499999
126	 4	 0.589322
127	 4	 0.702534
128	 4	 0.841505
129	 4	 1
0	 5	 0
1	 5	 0.000657527
2	 5	 0.00131505
3	 5	 0.00197257
4	 5	 0.00263009
5	 5	 0.00328761
6	 5	 0.00394513
7	 5	 0.00460265
8	 5	 0.00526019
9	 5	 0.00591774
10	 5	 0.00657531
11	 5	 0.00723293
12	 5	 0.00789061
13	 5	 0.00854837
14	 5	 0.00920624
15	 5	 0.00986424
16	 5	 0.0105224
17	 5	 0.0111808
18	 5	 0.0118394
19	 5	 0.0124983
20	 5	 0.0131576
21	 5	 0.0138174
22	 5	 0.0144776
23	 5	 0.0151383
24	 5	 0.0157998
25	 5	 0.0164619
26	 5	 0.017125
27	 5	 0.0177889
28	 5	 0.018454
29	 5	 0.0191202
30	 5	 0.0197878
31	 5	 0.0204569
32	 5	 0.0211276
33	 5	 0.0218002
34	 5	 0.0224747
35	 5	 0.0231514
36	 5	 0.0238306
37	 5	 0.0245123
38	 5	 0.0251969
39	 5	 0.0258846
40	 5	 0.0265757
41	 5	 0.0272704
42	 5	 0.0279691
43	 5	 0.028672
44	 5	 0.0293795
45	 5	 0.0300919
46	 5	 0.0308097
47	 5	 0.0315331
48	 5	 0.0322627
49	 5	 0.0329988
50	 5	 0.0337419
51	 5	 0.0344926
52	 5	 0.0352512
53	 5	 0.0360184
54	 5	 0.0367947
55	 5	 0.0375807
56	 5	 0.0383771
57	 5	 0.0391846
58	 5	 0.0400038
59	 5	 0.0408355
60	 5	 0.0416805
61	 5	 0.0425397
62	 5	 0.043414
63	 5	 0.0443042
64	 5	 0.0452115
65	 5	 0.0461368
66	 5	 0.0470813
67	 5	 0.0480462
68	 5	 0.0490329
69	 5	 0.0500425
70	 5	 0.0510767
71	 5	 0.0521369
72	 5	 0.0532248
73	 5	 0.0543422
74	 5	 0.055491
75	 5	 0.0566731
76	 5	 0.0578908
77	 5	 0.0591464
78	 5	 0.0604424
79	 5	 0.0617816
80	 5	 0.0631667
81	 5	 0.064601
82	 5	 0.066088
83	 5	 0.0676312
84	 5	 0.0692347
85	 5	 0.0709029
86	 5	 0.0726405
87	 5	 0.0744527
88	 5	 0.0763453
89	 5	 0.0783243
90	 5	 0.0803968
91	 5	 0.0825701
92	 5	 0.0848528
93	 5	 0.0872538
94	 5	 0.0897836
95	 5	 0.0924535
96	 5	 0.0952761
97	 5	 0.0982658
98	 5	 0.101438
99	 5	 0.104812
100	 5	 0.108407
101	 5	 0.112247
102	 5	 0.116357
103	 5	 0.120769
104	 5	 0.125517
105	 5	 0.13064
106	 5	 0.136187
107	 5	 0.142211
108	 5	 0.148775
109	 5	 0.155957
110	 5	 0.163845
111	 5	 0.172548
112	 5	 0.182196
113	 5	 0.192946
114	 5	 0.204993
115	 5	 0.218575
116	 5	 0.233993
117	 5	 0.251621
118	 5	 0.271939
119	 5	 0.295556
120	 5	 0.323259
121	 5	 0.356064
122	 5	 0.395281
123	 5	 0.442573
124	 5	 0.499999
125	 5	 0.569934
126	 5	 0.654758
127	 5	 0.756021
128	 5	 0.872874
129	 5	 1
0	 6	 0
1	 6	 0.000789034
2	 6	 0.00157807
3	 6	 0.00236709
4	 6	 0.00315612
5	 6	 0.00394513
6	 6	 0.00473415
7	 6	 0.00552316
8	 6	 0.00631218
9	 6	 0.00710121
10	 6	 0.00789027
11	 6	 0.00867938
12	 6	 0.00946855
13	 6	 0.0102578
14	 6	 0.0110472
15	 6	 0.0118367
16	 6	 0.0126264
17	 6	 0.0134164
18	 6	 0.0142066
19	 6	 0.0149972
20	 6	 0.0157882
21	 6	 0.0165797
22	 6	 0.0173718
23	 6	 0.0181645
24	 6	 0.0189581
25	 6	 0.0197524
26	 6	 0.0205478
27	 6	 0.0213443
28	 6	 0.0221421
29	 6	 0.0229413
30	 6	 0.0237421
31	 6	 0.0245446
32	 6	 0.0253491
33	 6	 0.0261558
34	 6	 0.0269648
35	 6	 0.0277764
36	 6	 0.0285909
37	 6	 0.0294085
38	 6	 0.0302294
39	 6	 0.0310541
40	 6	 0.0318828
41	 6	 0.0327158
42	 6	 0.0335535
43	 6	 0.0343963
44	 6	 0.0352445
45	 6	 0.0360986
46	 6	 0.036959
47	 6	 0.0378263
48	 6	 0.0387008
49	 6	 0.0395831
50	 6	 0.0404738
51	 6	 0.0413734
52	 6	 0.0422825
53	 6	 0.0432019
54	 6	 0.0441321
55	 6	 0.0450739
56	 6	 0.0460281
57	 6	 0.0469955
58	 6	 0.0479769
59	 6	 0.0489732
60	 6	 0.0499854
61	 6	 0.0510144
62	 6	 0.0520614
63	 6	 0.0531275
64	 6	 0.0542138
65	 6	 0.0553217
66	 6	 0.0564525
67	 6	 0.0576076
68	 6	 0.0587885
69	 6	 0.0599969
70	 6	 0.0612344
71	 6	 0.062503
72	 6	 0.0638046
73	 6	 0.0651413
74	 6	 0.0665153
75	 6	 0.0679291
76	 6	 0.0693851
77	 6	 0.0708863
78	 6	 0.0724355
79	 6	 0.074036
80	 6	 0.0756911
81	 6	 0.0774048
82	 6	 0.0791809
83	 6	 0.0810238
84	 6	 0.0829383
85	 6	 0.0849295
86	 6	 0.0870031
87	 6	 0.0891651
88	 6	 0.0914222
89	 6	 0.0937818
90	 6	 0.0962519
91	 6	 0.0988413
92	 6	 0.10156
93	 6	 0.104418
94	 6	 0.107428
95	 6	 0.110604
96	 6	 0.113959
97	 6	 0.117511
98	 6	 0.121277
99	 6	 0.12528
100	 6	 0.129541
101	 6	 0.134089
102	 6	 0.138953
103	 6	 0.144168
104	 6	 0.149773
105	 6	 0.155815
106	 6	 0.162345
107	 6	 0.169426
108	 6	 0.177128
109	 6	 0.185537
110	 6	 0.19475
111	 6	 0.204886
112	 6	 0.216086
113	 6	 0.228519
114	 6	 0.242391
115	 6	 0.257949
116	 6	 0.275502
117	 6	 0.295423
118	 6	 0.318179
119	 6	 0.344346
120	 6	 0.374639
121	 6	 0.409936
122	 6	 0.451303
123	 6	 0.499998
124	 6	 0.557424
125	 6	 0.624981
126	 6	 0.703752
127	 6	 0.793921
128	 6	 0.89397
129	 6	 1
0	 7	 0
1	 7	 0.000920544
2	 7	 0.00184108
3	 7	 0.00276162
4	 7	 0.00368214
5	 7	 0.00460265
6	 7	 0.00552316
7	 7	 0.00644366
8	 7	 0.00736415
9	 7	 0.00828466
10	 7	 0.00920519
11	 7	 0.0101258
12	 7	 0.0110464
13	 7	 0.0119671
14	 7	 0.012888
15	 7	 0.013809
16	 7	 0.0147302
17	 7	 0.0156517
18	 7	 0.0165735
19	 7	 0.0174957
20	 7	 0.0184183
21	 7	 0.0193415
22	 7	 0.0202654
23	 7	 0.02119
24	 7	 0.0221155
25	 7	 0.0230419
26	 7	 0.0239696
27	 7	 0.0248985
28	 7	 0.0258288
29	 7	 0.0267608
30	 7	 0.0276946
31	 7	 0.0286304
32	 7	 0.0295685
33	 7	 0.030509
34	 7	 0.0314523
35	 7	 0.0323985
36	 7	 0.0333481
37	 7	 0.0343012
38	 7	 0.0352583
39	 7	 0.0362196
40	 7	 0.0371855
41	 7	 0.0381565
42	 7	 0.0391328
43	 7	 0.0401151
44	 7	 0.0411036
45	 7	 0.042099
46	 7	 0.0431016
47	 7	 0.0441121
48	 7	 0.045131
49	 7	 0.046159
50	 7	 0.0471967
51	 7	 0.0482446
52	 7	 0.0493037
53	 7	 0.0503745
54	 7	 0.0514579
55	 7	 0.0525548
56	 7	 0.053666
57	 7	 0.0547924
58	 7	 0.0559351
59	 7	 0.057095
60	 7	 0.0582733
61	 7	 0.0594712
62	 7	 0.0606898
63	 7	 0.0619305
64	 7	 0.0631947
65	 7	 0.0644837
66	 7	 0.0657993
67	 7	 0.067143
68	 7	 0.0685167
69	 7	 0.069922
70	 7	 0.0713612
71	 7	 0.0728362
72	 7	 0.0743494
73	 7	 0.0759031
74	 7	 0.0774999
75	 7	 0.0791427
76	 7	 0.0808344
77	 7	 0.0825781
78	 7	 0.0843773
79	 7	 0.0862357
80	 7	 0.0881572
81	 7	 0.090146
82	 7	 0.0922069
83	 7	 0.0943448
84	 7	 0.0965652
85	 7	 0.0988739
86	 7	 0.101277
87	 7	 0.103782
88	 7	 0.106397
89	 7	 0.109129
90	 7	 0.111988
91	 7	 0.114983
92	 7	 0.118127
93	 7	 0.121431
94	 7	 0.124908
95	 7	 0.128574
96	 7	 0.132445
97	 7	 0.13654
98	 7	 0.14088
99	 7	 0.145488
100	 7	 0.150389
101	 7	 0.155615
102	 7	 0.161198
103	 7	 0.167176
104	 7	 0.173594
105	 7	 0.180501
106	 7	 0.187954
107	 7	 0.19602
108	 7	 0.204776
109	 7	 0.214311
110	 7	 0.224731
111	 7	 0.23616
112	 7	 0.248743
113	 7	 0.262654
114	 7	 0.278101
115	 7	 0.295331
116	 7	 0.314641
117	 7	 0.33639
118	 7	 0.361008
119	 7	 0.389012
120	 7	 0.421015
121	 7	 0.457736
122	 7	 0.499998
123	 7	 0.548693
124	 7	 0.604716
125	 7	 0.668815
126	 7	 0.74135
127	 7	 0.821938
128	 7	 0.909087
129	 7	 1
0	 8	 0
1	 8	 0.00105206
2	 8	 0.00210411
3	 8	 0.00315615
4	 8	 0.00420818
5	 8	 0.00526019
6	 8	 0.00631218
7	 8	 0.00736415
8	 8	 0.00841612
9	 8	 0.00946809
10	 8	 0.0105201
11	 8	 0.0115721
12	 8	 0.0126242
13	 8	 0.0136763
14	 8	 0.0147286
15	 8	 0.015781
16	 8	 0.0168337
17	 8	 0.0178866
18	 8	 0.0189399
19	 8	 0.0199936
20	 8	 0.0210479
21	 8	 0.0221027
22	 8	 0.0231582
23	 8	 0.0242146
24	 8	 0.0252719
25	 8	 0.0263303
26	 8	 0.02739
27	 8	 0.0284511
28	 8	 0.0295139
29	 8	 0.0305785
30	 8	 0.0316451
31	 8	 0.0327139
32	 8	 0.0337853
33	 8	 0.0348595
34	 8	 0.0359368
35	 8	 0.0370174
36	 8	 0.0381017
37	 8	 0.0391901
38	 8	 0.0402829
39	 8	 0.0413805
40	 8	 0.0424833
41	 8	 0.0435917
42	 8	 0.0447063
43	 8	 0.0458276
44	 8	 0.0469559
45	 8	 0.048092
46	 8	 0.0492363
47	 8	 0.0503895
48	 8	 0.0515523
49	 8	 0.0527253
50	 8	 0.0539092
51	 8	 0.0551049
52	 8	 0.056313
53	 8	 0.0575345
54	 8	 0.0587704
55	 8	 0.0600214
56	 8	 0.0612886
57	 8	 0.0625731
58	 8	 0.063876
59	 8	 0.0651985
60	 8	 0.0665417
61	 8	 0.0679072
62	 8	 0.0692961
63	 8	 0.07071
64	 8	 0.0721506
65	 8	 0.0736193
66	 8	 0.075118
67	 8	 0.0766486
68	 8	 0.0782131
69	 8	 0.0798135
70	 8	 0.081452
71	 8	 0.0831312
72	 8	 0.0848535
73	 8	 0.0866217
74	 8	 0.0884386
75	 8	 0.0903075
76	 8	 0.0922316
77	 8	 0.0942145
78	 8	 0.09626
79	 8	 0.0983723
80	 8	 0.100556
81	 8	 0.102815
82	 8	 0.105156
83	 8	 0.107583
84	 8	 0.110104
85	 8	 0.112723
86	 8	 0.11545
87	 8	 0.11829
88	 8	 0.121254
89	 8	 0.124349
90	 8	 0.127587
91	 8	 0.130978
92	 8	 0.134534
93	 8	 0.13827
94	 8	 0.142199
95	 8	 0.146339
96	 8	 0.150708
97	 8	 0.155326
98	 8	 0.160215
99	 8	 0.165402
100	 8	 0.170914
101	 8	 0.176783
102	 8	 0.183047
103	 8	 0.189746
104	 8	 0.196926
105	 8	 0.20464
106	 8	 0.212949
107	 8	 0.221924
108	 8	 0.231643
109	 8	 0.242201
110	 8	 0.253704
111	 8	 0.266279
112	 8	 0.280072
113	 8	 0.295254
114	 8	 0.312028
115	 8	 0.330631
116	 8	 0.351342
117	 8	 0.374488
118	 8	 0.400452
119	 8	 0.429678
120	 8	 0.462672
121	 8	 0.499997
122	 8	 0.542259
123	 8	 0.59006
124	 8	 0.643932
125	 8	 0.704215
126	 8	 0.770893
127	 8	 0.843396
128	 8	 0.920439
129	 8	 1
0	 9	 0
1	 9	 0.00118358
2	 9	 0.00236715
3	 9	 0.0035507
4	 9	 0.00473423
5	 9	 0.00591774
6	 9	 0.00710121
7	 9	 0.00828466
8	 9	 0.00946809
9	 9	 0.0106515
10	 9	 0.0118349
11	 9	 0.0130184
12	 9	 0.0142018
13	 9	 0.0153854
14	 9	 0.0165691
15	 9	 0.0177529
16	 9	 0.0189369
17	 9	 0.0201213
18	 9	 0.021306
19	 9	 0.0224911
20	 9	 0.0236768
21	 9	 0.0248631
22	 9	 0.0260502
23	 9	 0.0272382
24	 9	 0.0284272
25	 9	 0.0296174
26	 9	 0.030809
27	 9	 0.0320022
28	 9	 0.0331972
29	 9	 0.0343941
30	 9	 0.0355933
31	 9	 0.036795
32	 9	 0.0379994
33	 9	 0.039207
34	 9	 0.0404179
35	 9	 0.0416325
36	 9	 0.0428513
37	 9	 0.0440745
38	 9	 0.0453026
39	 9	 0.0465361
40	 9	 0.0477753
41	 9	 0.0490209
42	 9	 0.0502732
43	 9	 0.0515329
44	 9	 0.0528005
45	 9	 0.0540767
46	 9	 0.0553621
47	 9	 0.0566574
48	 9	 0.0579633
49	 9	 0.0592806
50	 9	 0.06061
51	 9	 0.0619525
52	 9	 0.063309
53	 9	 0.0646803
54	 9	 0.0660675
55	 9	 0.0674717
56	 9	 0.068894
57	 9	 0.0703354
58	 9	 0.0717974
59	 9	 0.0732811
60	 9	 0.074788
61	 9	 0.0763196
62	 9	 0.0778774
63	 9	 0.079463
64	 9	 0.0810782
65	 9	 0.0827249
66	 9	 0.0844049
67	 9	 0.0861204
68	 9	 0.0878735
69	 9	 0.0896667
70	 9	 0.0915023
71	 9	 0.0933831
72	 9	 0.0953118
73	 9	 0.0972915
74	 9	 0.0993255
75	 9	 0.101417
76	 9	 0.10357
77	 9	 0.105788
78	 9	 0.108076
79	 9	 0.110438
80	 9	 0.112878
81	 9	 0.115403
82	 9	 0.118018
83	 9	 0.120729
84	 9	 0.123543
85	 9	 0.126467
86	 9	 0.129508
87	 9	 0.132675
88	 9	 0.135978
89	 9	 0.139427
90	 9	 0.143032
91	 9	 0.146806
92	 9	 0.150762
93	 9	 0.154915
94	 9	 0.15928
95	 9	 0.163876
96	 9	 0.168721
97	 9	 0.173839
98	 9	 0.179253
99	 9	 0.18499
100	 9	 0.19108
101	 9	 0.197558
102	 9	 0.204462
103	 9	 0.211834
104	 9	 0.219723
105	 9	 0.228184
106	 9	 0.23728
107	 9	 0.247083
108	 9	 0.257673
109	 9	 0.269145
110	 9	 0.281606
111	 9	 0.29518
112	 9	 0.310011
113	 9	 0.326263
114	 9	 0.344127
115	 9	 0.363824
116	 9	 0.385607
117	 9	 0.409768
118	 9	 0.436634
119	 9	 0.466576
120	 9	 0.499997
121	 9	 0.537322
122	 9	 0.57898
123	 9	 0.625356
124	 9	 0.676737
125	 9	 0.73322
126	 9	 0.79461
127	 9	 0.860314
128	 9	 0.929275
129	 9	 1
0	 10	 0
1	 10	 0.0013151
2	 10	 0.0026302
3	 10	 0.00394527
4	 10	 0.00526031
5	 10	 0.00657531
6	 10	 0.00789027
7	 10	 0.00920519
8	 10	 0.0105201
9	 10	 0.0118349
10	 10	 0.0131497
11	 10	 0.0144646
12	 10	 0.0157794
13	 10	 0.0170943
14	 10	 0.0184094
15	 10	 0.0197245
16	 10	 0.0210399
17	 10	 0.0223556
18	 10	 0.0236716
19	 10	 0.0249881
20	 10	 0.0263051
21	 10	 0.0276228
22	 10	 0.0289413
23	 10	 0.0302608
24	 10	 0.0315813
25	 10	 0.0329032
26	 10	 0.0342265
27	 10	 0.0355515
28	 10	 0.0368784
29	 10	 0.0382075
30	 10	 0.039539
31	 10	 0.0408732
32	 10	 0.0422104
33	 10	 0.043551
34	 10	 0.0448953
35	 10	 0.0462436
36	 10	 0.0475964
37	 10	 0.0489541
38	 10	 0.0503171
39	 10	 0.0516859
40	 10	 0.0530611
41	 10	 0.0544432
42	 10	 0.0558327
43	 10	 0.0572303
44	 10	 0.0586366
45	 10	 0.0600523
46	 10	 0.061478
47	 10	 0.0629147
48	 10	 0.0643629
49	 10	 0.0658237
50	 10	 0.0672978
51	 10	 0.0687863
52	 10	 0.0702901
53	 10	 0.0718102
54	 10	 0.0733478
55	 10	 0.074904
56	 10	 0.0764801
57	 10	 0.0780772
58	 10	 0.0796969
59	 10	 0.0813406
60	 10	 0.0830097
61	 10	 0.0847059
62	 10	 0.0864309
63	 10	 0.0881864
64	 10	 0.0899745
65	 10	 0.0917971
66	 10	 0.0936563
67	 10	 0.0955545
68	 10	 0.097494
69	 10	 0.0994774
70	 10	 0.101507
71	 10	 0.103587
72	 10	 0.105719
73	 10	 0.107907
74	 10	 0.110155
75	 10	 0.112465
76	 10	 0.114843
77	 10	 0.117292
78	 10	 0.119818
79	 10	 0.122424
80	 10	 0.125117
81	 10	 0.127902
82	 10	 0.130784
83	 10	 0.133772
84	 10	 0.136872
85	 10	 0.140092
86	 10	 0.14344
87	 10	 0.146925
88	 10	 0.150558
89	 10	 0.154349
90	 10	 0.158309
91	 10	 0.162453
92	 10	 0.166794
93	 10	 0.171347
94	 10	 0.17613
95	 10	 0.181162
96	 10	 0.186463
97	 10	 0.192056
98	 10	 0.197967
99	 10	 0.204225
100	 10	 0.21086
101	 10	 0.217907
102	 10	 0.225408
103	 10	 0.233404
104	 10	 0.241948
105	 10	 0.251093
106	 10	 0.260905
107	 10	 0.271453
108	 10	 0.282821
109	 10	 0.2951
110	 10	 0.308394
111	 10	 0.322825
112	 10	 0.338528
113	 10	 0.355659
114	 10	 0.374393
115	 10	 0.39493
116	 10	 0.417496
117	 10	 0.442341
118	 10	 0.469742
119	 10	 0.499996
120	 10	 0.533416
121	 10	 0.570315
122	 10	 0.610982
123	 10	 0.655648
124	 10	 0.70444
125	 10	 0.757318
126	 10	 0.814013
127	 10	 0.873975
128	 10	 0.936345
129	 10	 1
0	 11	 0
1	 11	 0.00144664
2	 11	 0.00289327
3	 11	 0.00433987
4	 11	 0.00578643
5	 11	 0.00723293
6	 11	 0.00867938
7	 11	 0.0101258
8	 11	 0.0115721
9	 11	 0.0130184
10	 11	 0.0144646
11	 11	 0.0159108
12	 11	 0.017357
13	 11	 0.0188032
14	 11	 0.0202495
15	 11	 0.0216959
16	 11	 0.0231426
17	 11	 0.0245895
18	 11	 0.0260367
19	 11	 0.0274844
20	 11	 0.0289327
21	 11	 0.0303817
22	 11	 0.0318314
23	 11	 0.0332822
24	 11	 0.0347342
25	 11	 0.0361874
26	 11	 0.0376423
27	 11	 0.0390989
28	 11	 0.0405575
29	 11	 0.0420185
30	 11	 0.043482
31	 11	 0.0449485
32	 11	 0.0464181
33	 11	 0.0478914
34	 11	 0.0493686
35	 11	 0.0508502
36	 11	 0.0523366
37	 11	 0.0538282
38	 11	 0.0553257
39	 11	 0.0568294
40	 11	 0.0583401
41	 11	 0.0598581
42	 11	 0.0613842
43	 11	 0.062919
44	 11	 0.0644633
45	 11	 0.0660177
46	 11	 0.0675831
47	 11	 0.0691603
48	 11	 0.0707501
49	 11	 0.0723534
50	 11	 0.0739713
51	 11	 0.0756048
52	 11	 0.0772548
53	 11	 0.0789227
54	 11	 0.0806094
55	 11	 0.0823165
56	 11	 0.084045
57	 11	 0.0857966
58	 11	 0.0875726
59	 11	 0.0893746
60	 11	 0.0912043
61	 11	 0.0930634
62	 11	 0.0949538
63	 11	 0.0968774
64	 11	 0.0988363
65	 11	 0.100833
66	 11	 0.102869
67	 11	 0.104947
68	 11	 0.107071
69	 11	 0.109242
70	 11	 0.111463
71	 11	 0.113738
72	 11	 0.116071
73	 11	 0.118463
74	 11	 0.120921
75	 11	 0.123446
76	 11	 0.126045
77	 11	 0.12872
78	 11	 0.131479
79	 11	 0.134324
80	 11	 0.137263
81	 11	 0.140301
82	 11	 0.143446
83	 11	 0.146703
84	 11	 0.150082
85	 11	 0.153589
86	 11	 0.157234
87	 11	 0.161027
88	 11	 0.164979
89	 11	 0.1691
90	 11	 0.173403
91	 11	 0.177903
92	 11	 0.182613
93	 11	 0.18755
94	 11	 0.192732
95	 11	 0.198179
96	 11	 0.203912
97	 11	 0.209956
98	 11	 0.216336
99	 11	 0.223082
100	 11	 0.230226
101	 11	 0.237804
102	 11	 0.245857
103	 11	 0.254429
104	 11	 0.26357
105	 11	 0.273337
106	 11	 0.283792
107	 11	 0.295005
108	 11	 0.307058
109	 11	 0.320038
110	 11	 0.334047
111	 11	 0.349198
112	 11	 0.365618
113	 11	 0.383451
114	 11	 0.402855
115	 11	 0.424008
116	 11	 0.447106
117	 11	 0.472359
118	 11	 0.499995
119	 11	 0.53025
120	 11	 0.563358
121	 11	 0.599541
122	 11	 0.638985
123	 11	 0.681815
124	 11	 0.728056
125	 11	 0.777597
126	 11	 0.830151
127	 11	 0.885227
128	 11	 0.942132
129	 11	 1
0	 12	 0
1	 12	 0.0015782
2	 12	 0.00315637
3	 12	 0.00473451
4	 12	 0.0063126
5	 12	 0.00789061
6	 12	 0.00946855
7	 12	 0.0110464
8	 12	 0.0126242
9	 12	 0.0142018
10	 12	 0.0157794
11	 12	 0.017357
12	 12	 0.0189345
13	 12	 0.020512
14	 12	 0.0220895
15	 12	 0.0236672
16	 12	 0.025245
17	 12	 0.026823
18	 12	 0.0284014
19	 12	 0.0299803
20	 12	 0.0315596
21	 12	 0.0331397
22	 12	 0.0347206
23	 12	 0.0363025
24	 12	 0.0378856
25	 12	 0.0394701
26	 12	 0.0410563
27	 12	 0.0426443
28	 12	 0.0442344
29	 12	 0.0458269
30	 12	 0.0474222
31	 12	 0.0490205
32	 12	 0.0506222
33	 12	 0.0522278
34	 12	 0.0538375
35	 12	 0.0554519
36	 12	 0.0570715
37	 12	 0.0586967
38	 12	 0.060328
39	 12	 0.0619661
40	 12	 0.0636115
41	 12	 0.0652649
42	 12	 0.0669269
43	 12	 0.0685983
44	 12	 0.0702798
45	 12	 0.0719723
46	 12	 0.0736764
47	 12	 0.0753933
48	 12	 0.0771237
49	 12	 0.0788687
50	 12	 0.0806293
51	 12	 0.0824066
52	 12	 0.0842018
53	 12	 0.0860161
54	 12	 0.0878509
55	 12	 0.0897074
56	 12	 0.0915871
57	 12	 0.0934915
58	 12	 0.0954222
59	 12	 0.0973809
60	 12	 0.0993694
61	 12	 0.10139
62	 12	 0.103443
63	 12	 0.105533
64	 12	 0.107661
65	 12	 0.109828
66	 12	 0.112039
67	 12	 0.114295
68	 12	 0.1166
69	 12	 0.118955
70	 12	 0.121365
71	 12	 0.123833
72	 12	 0.126361
73	 12	 0.128955
74	 12	 0.131618
75	 12	 0.134355
76	 12	 0.137169
77	 12	 0.140066
78	 12	 0.143052
79	 12	 0.146131
80	 12	 0.14931
81	 12	 0.152595
82	 12	 0.155994
83	 12	 0.159514
84	 12	 0.163162
85	 12	 0.166948
86	 12	 0.170881
87	 12	 0.174971
88	 12	 0.17923
89	 12	 0.183669
90	 12	 0.188302
91	 12	 0.193142
92	 12	 0.198205
93	 12	 0.203508
94	 12	 0.209069
95	 12	 0.21491
96	 12	 0.221052
97	 12	 0.227519
98	 12	 0.234339
99	 12	 0.241541
100	 12	 0.249158
101	 12	 0.257227
102	 12	 0.265787
103	 12	 0.274884
104	 12	 0.284567
105	 12	 0.294892
106	 12	 0.30592
107	 12	 0.317719
108	 12	 0.330367
109	 12	 0.343948
110	 12	 0.358558
111	 12	 0.374301
112	 12	 0.391296
113	 12	 0.409671
114	 12	 0.429569
115	 12	 0.451142
116	 12	 0.474559
117	 12	 0.499995
118	 12	 0.527631
119	 12	 0.557649
120	 12	 0.590224
121	 12	 0.625504
122	 12	 0.663603
123	 12	 0.704571
124	 12	 0.748374
125	 12	 0.794865
126	 12	 0.843765
127	 12	 0.89465
128	 12	 0.946954
129	 12	 1
0	 13	 0
1	 13	 0.00170977
2	 13	 0.00341951
3	 13	 0.00512921
4	 13	 0.00683884
5	 13	 0.00854837
6	 13	 0.0102578
7	 13	 0.0119671
8	 13	 0.0136763
9	 13	 0.0153854
10	 13	 0.0170943
11	 13	 0.0188032
12	 13	 0.020512
13	 13	 0.0222207
14	 13	 0.0239295
15	 13	 0.0256382
16	 13	 0.0273472
17	 13	 0.0290563
18	 13	 0.0307657
19	 13	 0.0324755
20	 13	 0.0341859
21	 13	 0.0358969
22	 13	 0.0376088
23	 13	 0.0393216
24	 13	 0.0410357
25	 13	 0.0427512
26	 13	 0.0444684
27	 13	 0.0461875
28	 13	 0.0479088
29	 13	 0.0496326
30	 13	 0.0513592
31	 13	 0.0530891
32	 13	 0.0548225
33	 13	 0.0565599
34	 13	 0.0583018
35	 13	 0.0600486
36	 13	 0.0618008
37	 13	 0.0635589
38	 13	 0.0653236
39	 13	 0.0670954
40	 13	 0.068875
41	 13	 0.0706631
42	 13	 0.0724603
43	 13	 0.0742675
44	 13	 0.0760855
45	 13	 0.077915
46	 13	 0.0797571
47	 13	 0.0816127
48	 13	 0.0834827
49	 13	 0.0853683
50	 13	 0.0872705
51	 13	 0.0891906
52	 13	 0.0911297
53	 13	 0.0930892
54	 13	 0.0950705
55	 13	 0.0970751
56	 13	 0.0991044
57	 13	 0.10116
58	 13	 0.103244
59	 13	 0.105357
60	 13	 0.107503
61	 13	 0.109682
62	 13	 0.111897
63	 13	 0.114151
64	 13	 0.116445
65	 13	 0.118781
66	 13	 0.121164
67	 13	 0.123595
68	 13	 0.126077
69	 13	 0.128614
70	 13	 0.131209
71	 13	 0.133866
72	 13	 0.136587
73	 13	 0.139378
74	 13	 0.142242
75	 13	 0.145185
76	 13	 0.14821
77	 13	 0.151324
78	 13	 0.154531
79	 13	 0.157838
80	 13	 0.161251
81	 13	 0.164776
82	 13	 0.168422
83	 13	 0.172195
84	 13	 0.176105
85	 13	 0.18016
86	 13	 0.184371
87	 13	 0.188747
88	 13	 0.193301
89	 13	 0.198045
90	 13	 0.202992
91	 13	 0.208157
92	 13	 0.213556
93	 13	 0.219207
94	 13	 0.225128
95	 13	 0.23134
96	 13	 0.237865
97	 13	 0.244729
98	 13	 0.251959
99	 13	 0.259584
100	 13	 0.267638
101	 13	 0.276157
102	 13	 0.285181
103	 13	 0.294753
104	 13	 0.304923
105	 13	 0.315744
106	 13	 0.327276
107	 13	 0.339585
108	 13	 0.352742
109	 13	 0.36683
110	 13	 0.381935
111	 13	 0.398154
112	 13	 0.415594
113	 13	 0.43437
114	 13	 0.454605
115	 13	 0.476434
116	 13	 0.499994
117	 13	 0.525429
118	 13	 0.552884
119	 13	 0.582494
120	 13	 0.614383
121	 13	 0.64865
122	 13	 0.685352
123	 13	 0.724492
124	 13	 0.766002
125	 13	 0.809723
126	 13	 0.855395
127	 13	 0.902654
128	 13	 0.951036
129	 13	 1
0	 14	 0
1	 14	 0.00184137
2	 14	 0.0036827
3	 14	 0.00552398
4	 14	 0.00736516
5	 14	 0.00920624
6	 14	 0.0110472
7	 14	 0.012888
8	 14	 0.0147286
9	 14	 0.0165691
10	 14	 0.0184094
11	 14	 0.0202495
12	 14	 0.0220895
13	 14	 0.0239295
14	 14	 0.0257693
15	 14	 0.0276092
16	 14	 0.0294491
17	 14	 0.0312892
18	 14	 0.0331296
19	 14	 0.0349703
20	 14	 0.0368114
21	 14	 0.0386533
22	 14	 0.0404959
23	 14	 0.0423396
24	 14	 0.0441844
25	 14	 0.0460307
26	 14	 0.0478786
27	 14	 0.0497285
28	 14	 0.0515807
29	 14	 0.0534354
30	 14	 0.0552931
31	 14	 0.0571541
32	 14	 0.0590188
33	 14	 0.0608877
34	 14	 0.0627612
35	 14	 0.0646398
36	 14	 0.0665241
37	 14	 0.0684147
38	 14	 0.0703121
39	 14	 0.072217
40	 14	 0.0741301
41	 14	 0.0760521
42	 14	 0.0779838
43	 14	 0.0799259
44	 14	 0.0818795
45	 14	 0.0838453
46	 14	 0.0858243
47	 14	 0.0878176
48	 14	 0.0898262
49	 14	 0.0918512
50	 14	 0.0938939
51	 14	 0.0959554
52	 14	 0.0980372
53	 14	 0.100141
54	 14	 0.102267
55	 14	 0.104418
56	 14	 0.106595
57	 14	 0.108801
58	 14	 0.111036
59	 14	 0.113302
60	 14	 0.115603
61	 14	 0.117939
62	 14	 0.120313
63	 14	 0.122728
64	 14	 0.125185
65	 14	 0.127689
66	 14	 0.13024
67	 14	 0.132843
68	 14	 0.1355
69	 14	 0.138216
70	 14	 0.140992
71	 14	 0.143833
72	 14	 0.146744
73	 14	 0.149727
74	 14	 0.152789
75	 14	 0.155932
76	 14	 0.159164
77	 14	 0.162488
78	 14	 0.165911
79	 14	 0.169439
80	 14	 0.173079
81	 14	 0.176837
82	 14	 0.180721
83	 14	 0.18474
84	 14	 0.188902
85	 14	 0.193217
86	 14	 0.197694
87	 14	 0.202346
88	 14	 0.207182
89	 14	 0.212217
90	 14	 0.217465
91	 14	 0.222939
92	 14	 0.228657
93	 14	 0.234636
94	 14	 0.240895
95	 14	 0.247456
96	 14	 0.25434
97	 14	 0.261574
98	 14	 0.269184
99	 14	 0.2772
100	 14	 0.285654
101	 14	 0.294583
102	 14	 0.304025
103	 14	 0.314024
104	 14	 0.324627
105	 14	 0.335885
106	 14	 0.347856
107	 14	 0.360601
108	 14	 0.374189
109	 14	 0.388694
110	 14	 0.404197
111	 14	 0.420786
112	 14	 0.438556
113	 14	 0.457608
114	 14	 0.47805
115	 14	 0.499993
116	 14	 0.523553
117	 14	 0.548845
118	 14	 0.57598
119	 14	 0.605059
120	 14	 0.636166
121	 14	 0.66936
122	 14	 0.704662
123	 14	 0.742044
124	 14	 0.781419
125	 14	 0.82263
126	 14	 0.865439
127	 14	 0.909536
128	 14	 0.954535
129	 14	 1
0	 15	 0
1	 15	 0.00197299
2	 15	 0.00394595
3	 15	 0.00591883
4	 15	 0.00789161
5	 15	 0.00986424
6	 15	 0.0118367
7	 15	 0.013809
8	 15	 0.015781
9	 15	 0.0177529
10	 15	 0.0197245
11	 15	 0.0216959
12	 15	 0.0236672
13	 15	 0.0256382
14	 15	 0.0276092
15	 15	 0.0295801
16	 15	 0.0315509
17	 15	 0.0335219
18	 15	 0.0354931
19	 15	 0.0374645
20	 15	 0.0394364
21	 15	 0.0414089
22	 15	 0.0433821
23	 15	 0.0453563
24	 15	 0.0473316
25	 15	 0.0493084
26	 15	 0.0512869
27	 15	 0.0532673
28	 15	 0.05525
29	 15	 0.0572353
30	 15	 0.0592237
31	 15	 0.0612154
32	 15	 0.0632109
33	 15	 0.0652108
34	 15	 0.0672154
35	 15	 0.0692254
36	 15	 0.0712412
37	 15	 0.0732636
38	 15	 0.0752931
39	 15	 0.0773304
40	 15	 0.0793762
41	 15	 0.0814314
42	 15	 0.0834967
43	 15	 0.085573
44	 15	 0.0876612
45	 15	 0.0897623
46	 15	 0.0918773
47	 15	 0.0940072
48	 15	 0.0961532
49	 15	 0.0983165
50	 15	 0.100498
51	 15	 0.1027
52	 15	 0.104923
53	 15	 0.107169
54	 15	 0.109439
55	 15	 0.111735
56	 15	 0.114058
57	 15	 0.116411
58	 15	 0.118796
59	 15	 0.121213
60	 15	 0.123667
61	 15	 0.126157
62	 15	 0.128688
63	 15	 0.131262
64	 15	 0.133881
65	 15	 0.136548
66	 15	 0.139265
67	 15	 0.142037
68	 15	 0.144866
69	 15	 0.147756
70	 15	 0.15071
71	 15	 0.153732
72	 15	 0.156827
73	 15	 0.159999
74	 15	 0.163252
75	 15	 0.166592
76	 15	 0.170024
77	 15	 0.173553
78	 15	 0.177186
79	 15	 0.180928
80	 15	 0.184788
81	 15	 0.188771
82	 15	 0.192886
83	 15	 0.197142
84	 15	 0.201547
85	 15	 0.206111
86	 15	 0.210844
87	 15	 0.215758
88	 15	 0.220865
89	 15	 0.226178
90	 15	 0.23171
91	 15	 0.237477
92	 15	 0.243496
93	 15	 0.249784
94	 15	 0.256361
95	 15	 0.263248
96	 15	 0.270467
97	 15	 0.278043
98	 15	 0.286003
99	 15	 0.294376
100	 15	 0.303196
101	 15	 0.312495
102	 15	 0.322314
103	 15	 0.332692
104	 15	 0.343676
105	 15	 0.355314
106	 15	 0.367661
107	 15	 0.380774
108	 15	 0.394718
109	 15	 0.409559
110	 15	 0.425373
111	 15	 0.442237
112	 15	 0.460236
113	 15	 0.479457
114	 15	 0.499992
115	 15	 0.521936
116	 15	 0.545381
117	 15	 0.570419
118	 15	 0.597133
119	 15	 0.625596
120	 15	 0.655863
121	 15	 0.687963
122	 15	 0.721891
123	 15	 0.757602
124	 15	 0.795002
125	 15	 0.833937
126	 15	 0.874197
127	 15	 0.915514
128	 15	 0.957568
129	 15	 1
0	 16	 0
1	 16	 0.00210466
2	 16	 0.00420928
3	 16	 0.0063138
4	 16	 0.00841819
5	 16	 0.0105224
6	 16	 0.0126264
7	 16	 0.0147302
8	 16	 0.0168337
9	 16	 0.0189369
10	 16	 0.0210399
11	 16	 0.0231426
12	 16	 0.025245
13	 16	 0.0273472
14	 16	 0.0294491
15	 16	 0.0315509
16	 16	 0.0336527
17	 16	 0.0357544
18	 16	 0.0378563
19	 16	 0.0399583
20	 16	 0.0420607
21	 16	 0.0441637
22	 16	 0.0462673
23	 16	 0.0483718
24	 16	 0.0504775
25	 16	 0.0525845
26	 16	 0.0546932
27	 16	 0.0568038
28	 16	 0.0589167
29	 16	 0.0610322
30	 16	 0.0631508
31	 16	 0.0652728
32	 16	 0.0673988
33	 16	 0.0695291
34	 16	 0.0716643
35	 16	 0.073805
36	 16	 0.0759518
37	 16	 0.0781053
38	 16	 0.0802662
39	 16	 0.0824352
40	 16	 0.0846131
41	 16	 0.0868006
42	 16	 0.0889987
43	 16	 0.0912082
44	 16	 0.0934301
45	 16	 0.0956655
46	 16	 0.0979153
47	 16	 0.100181
48	 16	 0.102463
49	 16	 0.104763
50	 16	 0.107083
51	 16	 0.109424
52	 16	 0.111786
53	 16	 0.114173
54	 16	 0.116585
55	 16	 0.119024
56	 16	 0.121492
57	 16	 0.123991
58	 16	 0.126522
59	 16	 0.129089
60	 16	 0.131693
61	 16	 0.134336
62	 16	 0.137021
63	 16	 0.139751
64	 16	 0.142528
65	 16	 0.145356
66	 16	 0.148236
67	 16	 0.151173
68	 16	 0.15417
69	 16	 0.157231
70	 16	 0.160359
71	 16	 0.163558
72	 16	 0.166834
73	 16	 0.170189
74	 16	 0.17363
75	 16	 0.17716
76	 16	 0.180787
77	 16	 0.184515
78	 16	 0.188351
79	 16	 0.192301
80	 16	 0.196373
81	 16	 0.200574
82	 16	 0.204911
83	 16	 0.209394
84	 16	 0.214033
85	 16	 0.218835
86	 16	 0.223813
87	 16	 0.228978
88	 16	 0.234342
89	 16	 0.239918
90	 16	 0.24572
91	 16	 0.251764
92	 16	 0.258066
93	 16	 0.264644
94	 16	 0.271518
95	 16	 0.278707
96	 16	 0.286236
97	 16	 0.294127
98	 16	 0.302408
99	 16	 0.311108
100	 16	 0.320257
101	 16	 0.329889
102	 16	 0.340042
103	 16	 0.350755
104	 16	 0.36207
105	 16	 0.374035
106	 16	 0.386699
107	 16	 0.400118
108	 16	 0.414348
109	 16	 0.429453
110	 16	 0.445498
111	 16	 0.462554
112	 16	 0.480693
113	 16	 0.499992
114	 16	 0.520527
115	 16	 0.542377
116	 16	 0.565616
117	 16	 0.590315
118	 16	 0.616537
119	 16	 0.64433
120	 16	 0.673727
121	 16	 0.704736
122	 16	 0.737337
123	 16	 0.771473
124	 16	 0.807048
125	 16	 0.843919
126	 16	 0.881898
127	 16	 0.920756
128	 16	 0.960222
129	 16	 1
0	 17	 0
1	 17	 0.00223637
2	 17	 0.00447269
3	 17	 0.0067089
4	 17	 0.00894495
5	 17	 0.0111808
6	 17	 0.0134164
7	 17	 0.0156517
8	 17	 0.0178866
9	 17	 0.0201213
10	 17	 0.0223556
11	 17	 0.0245895
12	 17	 0.026823
13	 17	 0.0290563
14	 17	 0.0312892
15	 17	 0.0335219
16	 17	 0.0357544
17	 17	 0.0379868
18	 17	 0.0402192
19	 17	 0.0424518
20	 17	 0.0446846
21	 17	 0.0469178
22	 17	 0.0491516
23	 17	 0.0513862
24	 17	 0.0536219
25	 17	 0.0558589
26	 17	 0.0580975
27	 17	 0.060338
28	 17	 0.0625807
29	 17	 0.0648261
30	 17	 0.0670745
31	 17	 0.0693264
32	 17	 0.0715822
33	 17	 0.0738425
34	 17	 0.0761078
35	 17	 0.0783787
36	 17	 0.0806558
37	 17	 0.0829397
38	 17	 0.0852313
39	 17	 0.0875312
40	 17	 0.0898402
41	 17	 0.0921593
42	 17	 0.0944892
43	 17	 0.096831
44	 17	 0.0991856
45	 17	 0.101554
46	 17	 0.103938
47	 17	 0.106337
48	 17	 0.108755
49	 17	 0.111191
50	 17	 0.113647
51	 17	 0.116125
52	 17	 0.118626
53	 17	 0.121151
54	 17	 0.123704
55	 17	 0.126284
56	 17	 0.128895
57	 17	 0.131537
58	 17	 0.134214
59	 17	 0.136927
60	 17	 0.139679
61	 17	 0.142473
62	 17	 0.14531
63	 17	 0.148193
64	 17	 0.151126
65	 17	 0.15411
66	 17	 0.157151
67	 17	 0.16025
68	 17	 0.163412
69	 17	 0.166639
70	 17	 0.169937
71	 17	 0.173309
72	 17	 0.17676
73	 17	 0.180294
74	 17	 0.183916
75	 17	 0.187633
76	 17	 0.191448
77	 17	 0.195369
78	 17	 0.199402
79	 17	 0.203553
80	 17	 0.207829
81	 17	 0.212239
82	 17	 0.21679
83	 17	 0.221492
84	 17	 0.226354
85	 17	 0.231385
86	 17	 0.236596
87	 17	 0.241999
88	 17	 0.247607
89	 17	 0.253432
90	 17	 0.259489
91	 17	 0.265793
92	 17	 0.27236
93	 17	 0.279209
94	 17	 0.286358
95	 17	 0.293828
96	 17	 0.301641
97	 17	 0.309822
98	 17	 0.318395
99	 17	 0.327389
100	 17	 0.336834
101	 17	 0.346763
102	 17	 0.357211
103	 17	 0.368214
104	 17	 0.379815
105	 17	 0.392056
106	 17	 0.404984
107	 17	 0.41865
108	 17	 0.433105
109	 17	 0.448407
110	 17	 0.464613
111	 17	 0.481787
112	 17	 0.499991
113	 17	 0.519289
114	 17	 0.539747
115	 17	 0.561428
116	 17	 0.584391
117	 17	 0.60869
118	 17	 0.634369
119	 17	 0.66146
120	 17	 0.689978
121	 17	 0.719918
122	 17	 0.751248
123	 17	 0.783906
124	 17	 0.817798
125	 17	 0.852792
126	 17	 0.888722
127	 17	 0.925389
128	 17	 0.962565
129	 17	 1
0	 18	 0
1	 18	 0.00236814
2	 18	 0.00473621
3	 18	 0.00710416
4	 18	 0.00947191
5	 18	 0.0118394
6	 18	 0.0142066
7	 18	 0.0165735
8	 18	 0.0189399
9	 18	 0.021306
10	 18	 0.0236716
11	 18	 0.0260367
12	 18	 0.0284014
13	 18	 0.0307657
14	 18	 0.0331296
15	 18	 0.0354931
16	 18	 0.0378563
17	 18	 0.0402192
18	 18	 0.0425821
19	 18	 0.044945
20	 18	 0.047308
21	 18	 0.0496713
22	 18	 0.0520351
23	 18	 0.0543996
24	 18	 0.0567651
25	 18	 0.0591318
26	 18	 0.0615
27	 18	 0.06387
28	 18	 0.0662422
29	 18	 0.068617
30	 18	 0.0709948
31	 18	 0.073376
32	 18	 0.0757612
33	 18	 0.0781509
34	 18	 0.0805457
35	 18	 0.0829461
36	 18	 0.0853528
37	 18	 0.0877665
38	 18	 0.090188
39	 18	 0.092618
40	 18	 0.0950574
41	 18	 0.097507
42	 18	 0.0999679
43	 18	 0.102441
44	 18	 0.104927
45	 18	 0.107428
46	 18	 0.109944
47	 18	 0.112477
48	 18	 0.115028
49	 18	 0.117598
50	 18	 0.120189
51	 18	 0.122803
52	 18	 0.12544
53	 18	 0.128103
54	 18	 0.130794
