0	 0	 0
0	 1	 0
0	 2	 0
0	 3	 0
0	 4	 0
0	 5	 0
0	 6	 0
0	 7	 0
0	 8	 0
0	 9	 0
0	 10	 0
0	 11	 0
0	 12	 0
0	 13	 0
0	 14	 0
0	 15	 0
0	 16	 0
0	 17	 0
0	 18	 0
0	 19	 0
0	 20	 0
0	 21	 0
0	 22	 0
0	 23	 0
0	 24	 0
0	 25	 0
0	 26	 0
0	 27	 0
0	 28	 0
0	 29	 0
0	 30	 0
0	 31	 0
0	 32	 0
0	 33	 0
0	 34	 0
0	 35	 0
0	 36	 0
0	 37	 0
0	 38	 0
0	 39	 0
0	 40	 0
0	 41	 0
0	 42	 0
0	 43	 0
0	 44	 0
0	 45	 0
0	 46	 0
0	 47	 0
0	 48	 0
0	 49	 0
0	 50	 0
0	 51	 0
0	 52	 0
0	 53	 0
0	 54	 0
0	 55	 0
0	 56	 0
0	 57	 0
0	 58	 0
0	 59	 0
0	 60	 0
0	 61	 0
0	 62	 0
0	 63	 0
0	 64	 0
0	 65	 0
0	 66	 0
0	 67	 0
0	 68	 0
0	 69	 0
0	 70	 0
0	 71	 0
0	 72	 0
0	 73	 0
0	 74	 0
0	 75	 0
0	 76	 0
0	 77	 0
0	 78	 0
0	 79	 0
0	 80	 0
0	 81	 0
0	 82	 0
0	 83	 0
0	 84	 0
0	 85	 0
0	 86	 0
0	 87	 0
0	 88	 0
0	 89	 0
0	 90	 0
0	 91	 0
0	 92	 0
0	 93	 0
0	 94	 0
0	 95	 0
0	 96	 0
0	 97	 0
0	 98	 0
0	 99	 0
0	 100	 0
0	 101	 0
0	 102	 0
0	 103	 0
0	 104	 0
0	 105	 0
0	 106	 0
0	 107	 0
0	 108	 0
0	 109	 0
0	 110	 0
0	 111	 0
0	 112	 0
0	 113	 0
0	 114	 0
0	 115	 0
0	 116	 0
0	 117	 0
0	 118	 0
0	 119	 0
0	 120	 0
0	 121	 0
0	 122	 0
0	 123	 0
0	 124	 0
0	 125	 0
0	 126	 0
0	 127	 1
1	 0	 0
1	 1	 0.00013568
1	 2	 0.000271361
1	 3	 0.000407041
1	 4	 0.000542722
1	 5	 0.000678404
1	 6	 0.000814087
1	 7	 0.000949773
1	 8	 0.00108546
1	 9	 0.00122116
1	 10	 0.00135686
1	 11	 0.00149258
1	 12	 0.00162831
1	 13	 0.00176407
1	 14	 0.00189985
1	 15	 0.00203567
1	 16	 0.00217152
1	 17	 0.00230743
1	 18	 0.0024434
1	 19	 0.00257944
1	 20	 0.00271556
1	 21	 0.00285179
1	 22	 0.00298813
1	 23	 0.0031246
1	 24	 0.00326122
1	 25	 0.00339801
1	 26	 0.00353499
1	 27	 0.00367219
1	 28	 0.00380964
1	 29	 0.00394736
1	 30	 0.00408538
1	 31	 0.00422374
1	 32	 0.00436248
1	 33	 0.00450162
1	 34	 0.00464121
1	 35	 0.00478129
1	 36	 0.00492192
1	 37	 0.00506313
1	 38	 0.00520498
1	 39	 0.00534754
1	 40	 0.00549084
1	 41	 0.00563496
1	 42	 0.00577997
1	 43	 0.00592593
1	 44	 0.00607291
1	 45	 0.006221
1	 46	 0.00637028
1	 47	 0.00652084
1	 48	 0.00667276
1	 49	 0.00682616
1	 50	 0.00698112
1	 51	 0.00713776
1	 52	 0.0072962
1	 53	 0.00745655
1	 54	 0.00761895
1	 55	 0.00778354
1	 56	 0.00795045
1	 57	 0.00811985
1	 58	 0.00829188
1	 59	 0.00846674
1	 60	 0.00864459
1	 61	 0.00882562
1	 62	 0.00901006
1	 63	 0.0091981
1	 64	 0.00938999
1	 65	 0.00958596
1	 66	 0.00978629
1	 67	 0.00999124
1	 68	 0.0102011
1	 69	 0.0104162
1	 70	 0.0106369
1	 71	 0.0108636
1	 72	 0.0110965
1	 73	 0.0113362
1	 74	 0.0115832
1	 75	 0.0118377
1	 76	 0.0121005
1	 77	 0.012372
1	 78	 0.0126529
1	 79	 0.0129438
1	 80	 0.0132454
1	 81	 0.0135584
1	 82	 0.0138838
1	 83	 0.0142224
1	 84	 0.0145752
1	 85	 0.0149433
1	 86	 0.0153278
1	 87	 0.0157302
1	 88	 0.0161517
1	 89	 0.0165941
1	 90	 0.017059
1	 91	 0.0175485
1	 92	 0.0180647
1	 93	 0.0186099
1	 94	 0.019187
1	 95	 0.0197991
1	 96	 0.0204494
1	 97	 0.021142
1	 98	 0.0218813
1	 99	 0.0226723
1	 100	 0.023521
1	 101	 0.0244339
1	 102	 0.025419
1	 103	 0.0264852
1	 104	 0.0276433
1	 105	 0.0289058
1	 106	 0.0302878
1	 107	 0.0318072
1	 108	 0.0334857
1	 109	 0.0353501
1	 110	 0.0374332
1	 111	 0.0397759
1	 112	 0.0424304
1	 113	 0.0454635
1	 114	 0.0489626
1	 115	 0.0530442
1	 116	 0.0578672
1	 117	 0.0636537
1	 118	 0.0707244
1	 119	 0.0795597
1	 120	 0.0909122
1	 121	 0.106029
1	 122	 0.127125
1	 123	 0.158495
1	 124	 0.209389
1	 125	 0.302347
1	 126	 0.5
1	 127	 1
2	 0	 0
2	 1	 0.000271361
2	 2	 0.000542722
2	 3	 0.000814082
2	 4	 0.00108544
2	 5	 0.00135681
2	 6	 0.00162817
2	 7	 0.00189954
2	 8	 0.00217092
2	 9	 0.00244231
2	 10	 0.00271371
2	 11	 0.00298515
2	 12	 0.00325661
2	 13	 0.00352811
2	 14	 0.00379967
2	 15	 0.00407129
2	 16	 0.004343
2	 17	 0.0046148
2	 18	 0.00488673
2	 19	 0.0051588
2	 20	 0.00543103
2	 21	 0.00570346
2	 22	 0.00597612
2	 23	 0.00624904
2	 24	 0.00652226
2	 25	 0.00679582
2	 26	 0.00706976
2	 27	 0.00734414
2	 28	 0.00761901
2	 29	 0.00789442
2	 30	 0.00817043
2	 31	 0.00844712
2	 32	 0.00872454
2	 33	 0.00900278
2	 34	 0.00928192
2	 35	 0.00956205
2	 36	 0.00984325
2	 37	 0.0101256
2	 38	 0.0104093
2	 39	 0.0106943
2	 40	 0.0109809
2	 41	 0.011269
2	 42	 0.011559
2	 43	 0.0118508
2	 44	 0.0121447
2	 45	 0.0124408
2	 46	 0.0127393
2	 47	 0.0130403
2	 48	 0.0133441
2	 49	 0.0136507
2	 50	 0.0139606
2	 51	 0.0142737
2	 52	 0.0145905
2	 53	 0.0149111
2	 54	 0.0152357
2	 55	 0.0155647
2	 56	 0.0158984
2	 57	 0.0162371
2	 58	 0.016581
2	 59	 0.0169305
2	 60	 0.017286
2	 61	 0.0176479
2	 62	 0.0180165
2	 63	 0.0183924
2	 64	 0.0187759
2	 65	 0.0191676
2	 66	 0.0195679
2	 67	 0.0199775
2	 68	 0.020397
2	 69	 0.0208269
2	 70	 0.0212679
2	 71	 0.0217208
2	 72	 0.0221863
2	 73	 0.0226653
2	 74	 0.0231586
2	 75	 0.0236673
2	 76	 0.0241923
2	 77	 0.0247347
2	 78	 0.0252958
2	 79	 0.0258769
2	 80	 0.0264793
2	 81	 0.0271046
2	 82	 0.0277544
2	 83	 0.0284306
2	 84	 0.0291351
2	 85	 0.02987
2	 86	 0.0306378
2	 87	 0.0314411
2	 88	 0.0322826
2	 89	 0.0331656
2	 90	 0.0340936
2	 91	 0.0350703
2	 92	 0.0361002
2	 93	 0.037188
2	 94	 0.0383392
2	 95	 0.0395598
2	 96	 0.0408566
2	 97	 0.0422373
2	 98	 0.0437108
2	 99	 0.0452871
2	 100	 0.0469777
2	 101	 0.0487958
2	 102	 0.0507568
2	 103	 0.0528786
2	 104	 0.0551821
2	 105	 0.0576922
2	 106	 0.0604381
2	 107	 0.0634551
2	 108	 0.0667857
2	 109	 0.0704816
2	 110	 0.0746066
2	 111	 0.0792401
2	 112	 0.0844823
2	 113	 0.0904611
2	 114	 0.0973428
2	 115	 0.105347
2	 116	 0.114771
2	 117	 0.126023
2	 118	 0.139684
2	 119	 0.156602
2	 120	 0.17806
2	 121	 0.206078
2	 122	 0.243977
2	 123	 0.297465
2	 124	 0.376713
2	 125	 0.5
2	 126	 0.697653
2	 127	 1
3	 0	 0
3	 1	 0.000407041
3	 2	 0.000814082
3	 3	 0.00122112
3	 4	 0.00162816
3	 5	 0.00203521
3	 6	 0.00244225
3	 7	 0.0028493
3	 8	 0.00325636
3	 9	 0.00366344
3	 10	 0.00407054
3	 11	 0.00447768
3	 12	 0.00488486
3	 13	 0.0052921
3	 14	 0.00569942
3	 15	 0.00610684
3	 16	 0.00651437
3	 17	 0.00692205
3	 18	 0.00732991
3	 19	 0.00773798
3	 20	 0.0081463
3	 21	 0.00855491
3	 22	 0.00896385
3	 23	 0.00937319
3	 24	 0.00978296
3	 25	 0.0101932
3	 26	 0.0106041
3	 27	 0.0110156
3	 28	 0.0114278
3	 29	 0.0118409
3	 30	 0.0122548
3	 31	 0.0126697
3	 32	 0.0130858
3	 33	 0.0135031
3	 34	 0.0139217
3	 35	 0.0143417
3	 36	 0.0147634
3	 37	 0.0151868
3	 38	 0.0156122
3	 39	 0.0160396
3	 40	 0.0164693
3	 41	 0.0169014
3	 42	 0.0173361
3	 43	 0.0177737
3	 44	 0.0182143
3	 45	 0.0186583
3	 46	 0.0191057
3	 47	 0.019557
3	 48	 0.0200124
3	 49	 0.0204722
3	 50	 0.0209366
3	 51	 0.0214061
3	 52	 0.0218809
3	 53	 0.0223615
3	 54	 0.0228481
3	 55	 0.0233413
3	 56	 0.0238414
3	 57	 0.024349
3	 58	 0.0248644
3	 59	 0.0253882
3	 60	 0.025921
3	 61	 0.0264633
3	 62	 0.0270157
3	 63	 0.027579
3	 64	 0.0281536
3	 65	 0.0287405
3	 66	 0.0293404
3	 67	 0.029954
3	 68	 0.0305824
3	 69	 0.0312264
3	 70	 0.031887
3	 71	 0.0325654
3	 72	 0.0332626
3	 73	 0.03398
3	 74	 0.0347188
3	 75	 0.0354805
3	 76	 0.0362666
3	 77	 0.0370788
3	 78	 0.0379188
3	 79	 0.0387886
3	 80	 0.0396903
3	 81	 0.0406261
3	 82	 0.0415986
3	 83	 0.0426104
3	 84	 0.0436645
3	 85	 0.044764
3	 86	 0.0459124
3	 87	 0.0471137
3	 88	 0.0483721
3	 89	 0.0496922
3	 90	 0.0510793
3	 91	 0.052539
3	 92	 0.0540778
3	 93	 0.0557028
3	 94	 0.057422
3	 95	 0.0592442
3	 96	 0.0611797
3	 97	 0.0632399
3	 98	 0.0654375
3	 99	 0.0677875
3	 100	 0.0703068
3	 101	 0.0730147
3	 102	 0.0759338
3	 103	 0.0790902
3	 104	 0.0825145
3	 105	 0.0862427
3	 106	 0.0903174
3	 107	 0.0947895
3	 108	 0.0997203
3	 109	 0.105184
3	 110	 0.111272
3	 111	 0.118096
3	 112	 0.125798
3	 113	 0.134556
3	 114	 0.1446
3	 115	 0.156231
3	 116	 0.169846
3	 117	 0.185984
3	 118	 0.205387
3	 119	 0.229105
3	 120	 0.258648
3	 121	 0.296246
3	 122	 0.345241
3	 123	 0.410676
3	 124	 0.499999
3	 125	 0.623286
3	 126	 0.790611
3	 127	 1
4	 0	 0
4	 1	 0.000542722
4	 2	 0.00108544
4	 3	 0.00162816
4	 4	 0.00217088
4	 5	 0.0027136
4	 6	 0.00325632
4	 7	 0.00379905
4	 8	 0.00434179
4	 9	 0.00488455
4	 10	 0.00542734
4	 11	 0.00597017
4	 12	 0.00651305
4	 13	 0.00705601
4	 14	 0.00759907
4	 15	 0.00814226
4	 16	 0.0086856
4	 17	 0.00922913
4	 18	 0.00977289
4	 19	 0.0103169
4	 20	 0.0108613
4	 21	 0.011406
4	 22	 0.0119512
4	 23	 0.0124969
4	 24	 0.0130432
4	 25	 0.0135901
4	 26	 0.0141378
4	 27	 0.0146863
4	 28	 0.0152358
4	 29	 0.0157864
4	 30	 0.0163382
4	 31	 0.0168913
4	 32	 0.0174458
4	 33	 0.018002
4	 34	 0.0185599
4	 35	 0.0191198
4	 36	 0.0196818
4	 37	 0.0202461
4	 38	 0.020813
4	 39	 0.0213826
4	 40	 0.0219552
4	 41	 0.022531
4	 42	 0.0231104
4	 43	 0.0236935
4	 44	 0.0242806
4	 45	 0.0248722
4	 46	 0.0254684
4	 47	 0.0260697
4	 48	 0.0266764
4	 49	 0.027289
4	 50	 0.0279077
4	 51	 0.0285331
4	 52	 0.0291657
4	 53	 0.0298058
4	 54	 0.030454
4	 55	 0.0311109
4	 56	 0.0317771
4	 57	 0.032453
4	 58	 0.0331395
4	 59	 0.0338371
4	 60	 0.0345465
4	 61	 0.0352686
4	 62	 0.0360042
4	 63	 0.0367541
4	 64	 0.0375192
4	 65	 0.0383005
4	 66	 0.039099
4	 67	 0.0399158
4	 68	 0.0407522
4	 69	 0.0416093
4	 70	 0.0424884
4	 71	 0.0433911
4	 72	 0.0443189
4	 73	 0.0452733
4	 74	 0.0462561
4	 75	 0.0472693
4	 76	 0.0483148
4	 77	 0.0493949
4	 78	 0.050512
4	 79	 0.0516684
4	 80	 0.0528671
4	 81	 0.0541111
4	 82	 0.0554035
4	 83	 0.056748
4	 84	 0.0581484
4	 85	 0.0596089
4	 86	 0.0611342
4	 87	 0.0627293
4	 88	 0.0643998
4	 89	 0.0661519
4	 90	 0.0679923
4	 91	 0.0699286
4	 92	 0.0719692
4	 93	 0.0741234
4	 94	 0.0764016
4	 95	 0.0788155
4	 96	 0.0813783
4	 97	 0.0841049
4	 98	 0.0870119
4	 99	 0.0901188
4	 100	 0.0934472
4	 101	 0.0970225
4	 102	 0.100873
4	 103	 0.105034
4	 104	 0.109543
4	 105	 0.114447
4	 106	 0.119799
4	 107	 0.125665
4	 108	 0.132122
4	 109	 0.139262
4	 110	 0.1472
4	 111	 0.156074
4	 112	 0.166056
4	 113	 0.177364
4	 114	 0.190271
4	 115	 0.20513
4	 116	 0.222398
4	 117	 0.242678
4	 118	 0.266776
4	 119	 0.295782
4	 120	 0.331182
4	 121	 0.375016
4	 122	 0.430064
4	 123	 0.499999
4	 124	 0.589322
4	 125	 0.702534
4	 126	 0.841505
4	 127	 1
5	 0	 0
5	 1	 0.000678404
5	 2	 0.00135681
5	 3	 0.00203521
5	 4	 0.0027136
5	 5	 0.003392
5	 6	 0.00407039
5	 7	 0.00474879
5	 8	 0.0054272
5	 9	 0.00610563
5	 10	 0.00678409
5	 11	 0.0074626
5	 12	 0.00814117
5	 13	 0.00881983
5	 14	 0.0094986
5	 15	 0.0101775
5	 16	 0.0108566
5	 17	 0.011536
5	 18	 0.0122156
5	 19	 0.0128955
5	 20	 0.0135759
5	 21	 0.0142567
5	 22	 0.014938
5	 23	 0.01562
5	 24	 0.0163027
5	 25	 0.0169862
5	 26	 0.0176706
5	 27	 0.0183561
5	 28	 0.0190428
5	 29	 0.0197308
5	 30	 0.0204202
5	 31	 0.0211113
5	 32	 0.0218042
5	 33	 0.0224991
5	 34	 0.0231962
5	 35	 0.0238957
5	 36	 0.0245979
5	 37	 0.0253029
5	 38	 0.0260111
5	 39	 0.0267227
5	 40	 0.0274379
5	 41	 0.0281572
5	 42	 0.0288809
5	 43	 0.0296092
5	 44	 0.0303425
5	 45	 0.0310813
5	 46	 0.031826
5	 47	 0.0325769
5	 48	 0.0333346
5	 49	 0.0340995
5	 50	 0.0348721
5	 51	 0.035653
5	 52	 0.0364428
5	 53	 0.037242
5	 54	 0.0380513
5	 55	 0.0388713
5	 56	 0.0397028
5	 57	 0.0405466
5	 58	 0.0414034
5	 59	 0.042274
5	 60	 0.0431594
5	 61	 0.0440605
5	 62	 0.0449784
5	 63	 0.045914
5	 64	 0.0468685
5	 65	 0.0478432
5	 66	 0.0488393
5	 67	 0.0498581
5	 68	 0.0509012
5	 69	 0.05197
5	 70	 0.0530663
5	 71	 0.0541918
5	 72	 0.0553484
5	 73	 0.0565381
5	 74	 0.0577631
5	 75	 0.0590257
5	 76	 0.0603285
5	 77	 0.0616742
5	 78	 0.0630657
5	 79	 0.064506
5	 80	 0.0659988
5	 81	 0.0675476
5	 82	 0.0691564
5	 83	 0.0708297
5	 84	 0.0725722
5	 85	 0.0743891
5	 86	 0.0762861
5	 87	 0.0782695
5	 88	 0.0803459
5	 89	 0.0825232
5	 90	 0.0848094
5	 91	 0.087214
5	 92	 0.089747
5	 93	 0.09242
5	 94	 0.0952455
5	 95	 0.0982379
5	 96	 0.101413
5	 97	 0.104789
5	 98	 0.108387
5	 99	 0.112228
5	 100	 0.116341
5	 101	 0.120754
5	 102	 0.125504
5	 103	 0.130629
5	 104	 0.136177
5	 105	 0.142202
5	 106	 0.148768
5	 107	 0.155951
5	 108	 0.16384
5	 109	 0.172544
5	 110	 0.182192
5	 111	 0.192943
5	 112	 0.20499
5	 113	 0.218573
5	 114	 0.233991
5	 115	 0.25162
5	 116	 0.271938
5	 117	 0.295555
5	 118	 0.323259
5	 119	 0.356064
5	 120	 0.395281
5	 121	 0.442573
5	 122	 0.499999
5	 123	 0.569934
5	 124	 0.654758
5	 125	 0.756021
5	 126	 0.872874
5	 127	 1
6	 0	 0
6	 1	 0.000814087
6	 2	 0.00162817
6	 3	 0.00244225
6	 4	 0.00325632
6	 5	 0.00407039
6	 6	 0.00488446
6	 7	 0.00569852
6	 8	 0.00651259
6	 9	 0.00732668
6	 10	 0.0081408
6	 11	 0.00895496
6	 12	 0.0097692
6	 13	 0.0105835
6	 14	 0.011398
6	 15	 0.0122126
6	 16	 0.0130274
6	 17	 0.0138425
6	 18	 0.014658
6	 19	 0.0154738
6	 20	 0.01629
6	 21	 0.0171068
6	 22	 0.0179242
6	 23	 0.0187424
6	 24	 0.0195614
6	 25	 0.0203814
6	 26	 0.0212024
6	 27	 0.0220247
6	 28	 0.0228484
6	 29	 0.0236737
6	 30	 0.0245007
6	 31	 0.0253296
6	 32	 0.0261607
6	 33	 0.0269941
6	 34	 0.0278301
6	 35	 0.0286691
6	 36	 0.0295111
6	 37	 0.0303566
6	 38	 0.0312057
6	 39	 0.032059
6	 40	 0.0329167
6	 41	 0.0337791
6	 42	 0.0346467
6	 43	 0.0355198
6	 44	 0.036399
6	 45	 0.0372847
6	 46	 0.0381773
6	 47	 0.0390774
6	 48	 0.0399856
6	 49	 0.0409023
6	 50	 0.0418283
6	 51	 0.0427641
6	 52	 0.0437105
6	 53	 0.0446681
6	 54	 0.0456378
6	 55	 0.0466202
6	 56	 0.0476164
6	 57	 0.0486271
6	 58	 0.0496534
6	 59	 0.0506962
6	 60	 0.0517566
6	 61	 0.0528357
6	 62	 0.0539347
6	 63	 0.055055
6	 64	 0.0561978
6	 65	 0.0573645
6	 66	 0.0585568
6	 67	 0.0597762
6	 68	 0.0610244
6	 69	 0.0623034
6	 70	 0.063615
6	 71	 0.0649614
6	 72	 0.0663448
6	 73	 0.0677676
6	 74	 0.0692324
6	 75	 0.070742
6	 76	 0.0722994
6	 77	 0.0739077
6	 78	 0.0755704
6	 79	 0.0772913
6	 80	 0.0790744
6	 81	 0.080924
6	 82	 0.0828449
6	 83	 0.0848422
6	 84	 0.0869217
6	 85	 0.0890893
6	 86	 0.0913518
6	 87	 0.0937164
6	 88	 0.0961914
6	 89	 0.0987854
6	 90	 0.101508
6	 91	 0.104371
6	 92	 0.107385
6	 93	 0.110564
6	 94	 0.113923
6	 95	 0.117478
6	 96	 0.121247
6	 97	 0.125252
6	 98	 0.129517
6	 99	 0.134067
6	 100	 0.138934
6	 101	 0.144151
6	 102	 0.149758
6	 103	 0.155802
6	 104	 0.162334
6	 105	 0.169416
6	 106	 0.17712
6	 107	 0.185529
6	 108	 0.194743
6	 109	 0.204881
6	 110	 0.216082
6	 111	 0.228516
6	 112	 0.242388
6	 113	 0.257947
6	 114	 0.2755
6	 115	 0.295422
6	 116	 0.318178
6	 117	 0.344346
6	 118	 0.374638
6	 119	 0.409935
6	 120	 0.451303
6	 121	 0.499998
6	 122	 0.557424
6	 123	 0.624982
6	 124	 0.703752
6	 125	 0.793921
6	 126	 0.89397
6	 127	 1
7	 0	 0
7	 1	 0.000949773
7	 2	 0.00189954
7	 3	 0.0028493
7	 4	 0.00379905
7	 5	 0.00474879
7	 6	 0.00569852
7	 7	 0.00664824
7	 8	 0.00759796
7	 9	 0.0085477
7	 10	 0.00949746
7	 11	 0.0104473
7	 12	 0.0113971
7	 13	 0.0123471
7	 14	 0.0132972
7	 15	 0.0142475
7	 16	 0.015198
7	 17	 0.0161488
7	 18	 0.0170999
7	 19	 0.0180515
7	 20	 0.0190036
7	 21	 0.0199563
7	 22	 0.0209097
7	 23	 0.021864
7	 24	 0.0228192
7	 25	 0.0237755
7	 26	 0.024733
7	 27	 0.0256919
7	 28	 0.0266525
7	 29	 0.0276148
7	 30	 0.0285792
7	 31	 0.0295457
7	 32	 0.0305147
7	 33	 0.0314865
7	 34	 0.0324612
7	 35	 0.0334392
7	 36	 0.0344209
7	 37	 0.0354065
7	 38	 0.0363964
7	 39	 0.0373909
7	 40	 0.0383906
7	 41	 0.0393958
7	 42	 0.0404069
7	 43	 0.0414245
7	 44	 0.042449
7	 45	 0.0434811
7	 46	 0.0445212
7	 47	 0.0455699
7	 48	 0.0466279
7	 49	 0.0476959
7	 50	 0.0487746
7	 51	 0.0498646
7	 52	 0.0509669
7	 53	 0.0520822
7	 54	 0.0532114
7	 55	 0.0543555
7	 56	 0.0555154
7	 57	 0.0566921
7	 58	 0.0578869
7	 59	 0.0591008
7	 60	 0.060335
7	 61	 0.0615909
7	 62	 0.0628699
7	 63	 0.0641734
7	 64	 0.065503
7	 65	 0.0668603
7	 66	 0.0682472
7	 67	 0.0696654
7	 68	 0.071117
7	 69	 0.0726041
7	 70	 0.0741289
7	 71	 0.075694
7	 72	 0.0773018
7	 73	 0.0789551
7	 74	 0.080657
7	 75	 0.0824106
7	 76	 0.0842193
7	 77	 0.0860868
7	 78	 0.088017
7	 79	 0.0900144
7	 80	 0.0920834
7	 81	 0.0942291
7	 82	 0.0964569
7	 83	 0.0987727
7	 84	 0.101183
7	 85	 0.103695
7	 86	 0.106315
7	 87	 0.109053
7	 88	 0.111918
7	 89	 0.114919
7	 90	 0.118068
7	 91	 0.121376
7	 92	 0.124858
7	 93	 0.128528
7	 94	 0.132403
7	 95	 0.136502
7	 96	 0.140846
7	 97	 0.145456
7	 98	 0.150361
7	 99	 0.15559
7	 100	 0.161176
7	 101	 0.167157
7	 102	 0.173577
7	 103	 0.180485
7	 104	 0.18794
7	 105	 0.196008
7	 106	 0.204766
7	 107	 0.214303
7	 108	 0.224724
7	 109	 0.236154
7	 110	 0.248738
7	 111	 0.26265
7	 112	 0.278098
7	 113	 0.295328
7	 114	 0.314639
7	 115	 0.336389
7	 116	 0.361007
7	 117	 0.389011
7	 118	 0.421014
7	 119	 0.457736
7	 120	 0.499998
7	 121	 0.548693
7	 122	 0.604716
7	 123	 0.668816
7	 124	 0.74135
7	 125	 0.821938
7	 126	 0.909087
7	 127	 1
8	 0	 0
8	 1	 0.00108546
8	 2	 0.00217092
8	 3	 0.00325636
8	 4	 0.00434179
8	 5	 0.0054272
8	 6	 0.00651259
8	 7	 0.00759796
8	 8	 0.00868333
8	 9	 0.00976869
8	 10	 0.0108541
8	 11	 0.0119395
8	 12	 0.013025
8	 13	 0.0141105
8	 14	 0.0151962
8	 15	 0.0162821
8	 16	 0.0173683
8	 17	 0.0184547
8	 18	 0.0195415
8	 19	 0.0206288
8	 20	 0.0217166
8	 21	 0.0228051
8	 22	 0.0238944
8	 23	 0.0249846
8	 24	 0.0260758
8	 25	 0.0271683
8	 26	 0.0282621
8	 27	 0.0293576
8	 28	 0.0304548
8	 29	 0.031554
8	 30	 0.0326554
8	 31	 0.0337594
8	 32	 0.0348661
8	 33	 0.0359758
8	 34	 0.0370889
8	 35	 0.0382058
8	 36	 0.0393267
8	 37	 0.0404521
8	 38	 0.0415823
8	 39	 0.0427178
8	 40	 0.043859
8	 41	 0.0450065
8	 42	 0.0461607
8	 43	 0.0473222
8	 44	 0.0484916
8	 45	 0.0496694
8	 46	 0.0508563
8	 47	 0.0520531
8	 48	 0.0532603
8	 49	 0.0544788
8	 50	 0.0557094
8	 51	 0.056953
8	 52	 0.0582103
8	 53	 0.0594824
8	 54	 0.0607702
8	 55	 0.0620749
8	 56	 0.0633975
8	 57	 0.0647392
8	 58	 0.0661012
8	 59	 0.067485
8	 60	 0.0688918
8	 61	 0.0703231
8	 62	 0.0717805
8	 63	 0.0732658
8	 64	 0.0747805
8	 65	 0.0763267
8	 66	 0.0779062
8	 67	 0.0795213
8	 68	 0.0811741
8	 69	 0.082867
8	 70	 0.0846027
8	 71	 0.0863838
8	 72	 0.0882132
8	 73	 0.0900941
8	 74	 0.0920299
8	 75	 0.094024
8	 76	 0.0960803
8	 77	 0.0982031
8	 78	 0.100397
8	 79	 0.102666
8	 80	 0.105016
8	 81	 0.107452
8	 82	 0.109981
8	 83	 0.112609
8	 84	 0.115343
8	 85	 0.118191
8	 86	 0.121161
8	 87	 0.124263
8	 88	 0.127508
8	 89	 0.130905
8	 90	 0.134467
8	 91	 0.138208
8	 92	 0.142143
8	 93	 0.146288
8	 94	 0.150661
8	 95	 0.155283
8	 96	 0.160176
8	 97	 0.165367
8	 98	 0.170882
8	 99	 0.176755
8	 100	 0.183022
8	 101	 0.189724
8	 102	 0.196906
8	 103	 0.204623
8	 104	 0.212935
8	 105	 0.221911
8	 106	 0.231632
8	 107	 0.242192
8	 108	 0.253696
8	 109	 0.266273
8	 110	 0.280066
8	 111	 0.29525
8	 112	 0.312025
8	 113	 0.330629
8	 114	 0.35134
8	 115	 0.374487
8	 116	 0.400451
8	 117	 0.429678
8	 118	 0.462671
8	 119	 0.499997
8	 120	 0.542259
8	 121	 0.59006
8	 122	 0.643932
8	 123	 0.704215
8	 124	 0.770893
8	 125	 0.843396
8	 126	 0.920439
8	 127	 1
9	 0	 0
9	 1	 0.00122116
9	 2	 0.00244231
9	 3	 0.00366344
9	 4	 0.00488455
9	 5	 0.00610563
9	 6	 0.00732668
9	 7	 0.0085477
9	 8	 0.00976869
9	 9	 0.0109897
9	 10	 0.0122107
9	 11	 0.0134317
9	 12	 0.0146527
9	 13	 0.0158738
9	 14	 0.0170951
9	 15	 0.0183165
9	 16	 0.0195382
9	 17	 0.0207602
9	 18	 0.0219826
9	 19	 0.0232055
9	 20	 0.0244289
9	 21	 0.0256531
9	 22	 0.0268781
9	 23	 0.0281041
9	 24	 0.0293313
9	 25	 0.0305597
9	 26	 0.0317897
9	 27	 0.0330214
9	 28	 0.0342551
9	 29	 0.0354909
9	 30	 0.0367292
9	 31	 0.0379702
9	 32	 0.0392143
9	 33	 0.0404618
9	 34	 0.041713
9	 35	 0.0429683
9	 36	 0.0442281
9	 37	 0.0454928
9	 38	 0.0467629
9	 39	 0.0480389
9	 40	 0.0493212
9	 41	 0.0506105
9	 42	 0.0519072
9	 43	 0.0532121
9	 44	 0.0545256
9	 45	 0.0558486
9	 46	 0.0571817
9	 47	 0.0585258
9	 48	 0.0598815
9	 49	 0.0612497
9	 50	 0.0626314
9	 51	 0.0640275
9	 52	 0.0654389
9	 53	 0.0668668
9	 54	 0.0683122
9	 55	 0.0697764
9	 56	 0.0712605
9	 57	 0.0727659
9	 58	 0.0742939
9	 59	 0.0758461
9	 60	 0.077424
9	 61	 0.0790292
9	 62	 0.0806634
9	 63	 0.0823286
9	 64	 0.0840266
9	 65	 0.0857596
9	 66	 0.0875297
9	 67	 0.0893394
9	 68	 0.091191
9	 69	 0.0930873
9	 70	 0.095031
9	 71	 0.0970253
9	 72	 0.0990732
9	 73	 0.101178
9	 74	 0.103344
9	 75	 0.105575
9	 76	 0.107875
9	 77	 0.110249
9	 78	 0.112701
9	 79	 0.115236
9	 80	 0.117862
9	 81	 0.120583
9	 82	 0.123406
9	 83	 0.126339
9	 84	 0.129389
9	 85	 0.132565
9	 86	 0.135876
9	 87	 0.139332
9	 88	 0.142944
9	 89	 0.146725
9	 90	 0.150688
9	 91	 0.154846
9	 92	 0.159217
9	 93	 0.163818
9	 94	 0.168669
9	 95	 0.173792
9	 96	 0.17921
9	 97	 0.184951
9	 98	 0.191046
9	 99	 0.197527
9	 100	 0.204434
9	 101	 0.211809
9	 102	 0.219701
9	 103	 0.228165
9	 104	 0.237264
9	 105	 0.247069
9	 106	 0.257661
9	 107	 0.269135
9	 108	 0.281598
9	 109	 0.295173
9	 110	 0.310005
9	 111	 0.326258
9	 112	 0.344124
9	 113	 0.363822
9	 114	 0.385606
9	 115	 0.409767
9	 116	 0.436634
9	 117	 0.466576
9	 118	 0.499997
9	 119	 0.537323
9	 120	 0.57898
9	 121	 0.625357
9	 122	 0.676737
9	 123	 0.73322
9	 124	 0.79461
9	 125	 0.860314
9	 126	 0.929275
9	 127	 1
10	 0	 0
10	 1	 0.00135686
10	 2	 0.00271371
10	 3	 0.00407054
10	 4	 0.00542734
10	 5	 0.00678409
10	 6	 0.0081408
10	 7	 0.00949746
10	 8	 0.0108541
10	 9	 0.0122107
10	 10	 0.0135672
10	 11	 0.0149238
10	 12	 0.0162804
10	 13	 0.017637
10	 14	 0.0189938
10	 15	 0.0203507
10	 16	 0.0217079
10	 17	 0.0230654
10	 18	 0.0244232
10	 19	 0.0257816
10	 20	 0.0271406
10	 21	 0.0285003
10	 22	 0.0298609
10	 23	 0.0312225
10	 24	 0.0325854
10	 25	 0.0339497
10	 26	 0.0353156
10	 27	 0.0366833
10	 28	 0.0380532
10	 29	 0.0394254
10	 30	 0.0408002
10	 31	 0.0421781
10	 32	 0.0435592
10	 33	 0.0449441
10	 34	 0.0463329
10	 35	 0.0477263
10	 36	 0.0491246
10	 37	 0.0505282
10	 38	 0.0519377
10	 39	 0.0533536
10	 40	 0.0547765
10	 41	 0.056207
10	 42	 0.0576457
10	 43	 0.0590932
10	 44	 0.0605503
10	 45	 0.0620177
10	 46	 0.0634962
10	 47	 0.0649867
10	 48	 0.0664901
10	 49	 0.0680071
10	 50	 0.069539
10	 51	 0.0710866
10	 52	 0.0726511
10	 53	 0.0742337
10	 54	 0.0758355
10	 55	 0.0774579
10	 56	 0.0791022
10	 57	 0.0807699
10	 58	 0.0824625
10	 59	 0.0841816
10	 60	 0.0859289
10	 61	 0.0877062
10	 62	 0.0895154
10	 63	 0.0913586
10	 64	 0.0932378
10	 65	 0.0951554
10	 66	 0.0971138
10	 67	 0.0991155
10	 68	 0.101163
10	 69	 0.10326
10	 70	 0.105409
10	 71	 0.107613
10	 72	 0.109876
10	 73	 0.112202
10	 74	 0.114594
10	 75	 0.117057
10	 76	 0.119596
10	 77	 0.122216
10	 78	 0.124921
10	 79	 0.127717
10	 80	 0.130612
10	 81	 0.133611
10	 82	 0.136721
10	 83	 0.139951
10	 84	 0.143309
10	 85	 0.146803
10	 86	 0.150445
10	 87	 0.154244
10	 88	 0.158213
10	 89	 0.162364
10	 90	 0.166712
10	 91	 0.171272
10	 92	 0.176062
10	 93	 0.1811
10	 94	 0.186406
10	 95	 0.192005
10	 96	 0.197921
10	 97	 0.204183
10	 98	 0.210822
10	 99	 0.217874
10	 100	 0.225378
10	 101	 0.233378
10	 102	 0.241925
10	 103	 0.251073
10	 104	 0.260887
10	 105	 0.271439
10	 106	 0.282809
10	 107	 0.295089
10	 108	 0.308386
10	 109	 0.322818
10	 110	 0.338523
10	 111	 0.355654
10	 112	 0.37439
10	 113	 0.394928
10	 114	 0.417495
10	 115	 0.44234
10	 116	 0.469741
10	 117	 0.499996
10	 118	 0.533417
10	 119	 0.570316
10	 120	 0.610983
10	 121	 0.655649
10	 122	 0.704441
10	 123	 0.757318
10	 124	 0.814014
10	 125	 0.873975
10	 126	 0.936345
10	 127	 1
11	 0	 0
11	 1	 0.00149258
11	 2	 0.00298515
11	 3	 0.00447768
11	 4	 0.00597017
11	 5	 0.0074626
11	 6	 0.00895496
11	 7	 0.0104473
11	 8	 0.0119395
11	 9	 0.0134317
11	 10	 0.0149238
11	 11	 0.0164159
11	 12	 0.017908
11	 13	 0.0194001
11	 14	 0.0208923
11	 15	 0.0223847
11	 16	 0.0238772
11	 17	 0.0253701
11	 18	 0.0268633
11	 19	 0.0283571
11	 20	 0.0298514
11	 21	 0.0313466
11	 22	 0.0328426
11	 23	 0.0343397
11	 24	 0.0358381
11	 25	 0.037338
11	 26	 0.0388396
11	 27	 0.0403431
11	 28	 0.0418489
11	 29	 0.0433572
11	 30	 0.0448683
11	 31	 0.0463826
11	 32	 0.0479005
11	 33	 0.0494223
11	 34	 0.0509484
11	 35	 0.0524794
11	 36	 0.0540156
11	 37	 0.0555577
11	 38	 0.0571061
11	 39	 0.0586614
11	 40	 0.0602243
11	 41	 0.0617953
11	 42	 0.0633752
11	 43	 0.0649647
11	 44	 0.0665646
11	 45	 0.0681757
11	 46	 0.0697988
11	 47	 0.0714349
11	 48	 0.0730849
11	 49	 0.0747498
11	 50	 0.0764308
11	 51	 0.0781289
11	 52	 0.0798453
11	 53	 0.0815813
11	 54	 0.0833383
11	 55	 0.0851175
11	 56	 0.0869206
11	 57	 0.0887491
11	 58	 0.0906046
11	 59	 0.0924889
11	 60	 0.0944038
11	 61	 0.0963513
11	 62	 0.0983334
11	 63	 0.100352
11	 64	 0.102411
11	 65	 0.10451
11	 66	 0.106654
11	 67	 0.108846
11	 68	 0.111087
11	 69	 0.113381
11	 70	 0.115731
11	 71	 0.118142
11	 72	 0.120616
11	 73	 0.123158
11	 74	 0.125773
11	 75	 0.128464
11	 76	 0.131237
11	 77	 0.134097
11	 78	 0.137049
11	 79	 0.140101
11	 80	 0.143258
11	 81	 0.146528
11	 82	 0.149917
11	 83	 0.153436
11	 84	 0.157092
11	 85	 0.160895
11	 86	 0.164856
11	 87	 0.168986
11	 88	 0.173299
11	 89	 0.177806
11	 90	 0.182524
11	 91	 0.187469
11	 92	 0.192658
11	 93	 0.198112
11	 94	 0.203851
11	 95	 0.209901
11	 96	 0.216286
11	 97	 0.223037
11	 98	 0.230186
11	 99	 0.237769
11	 100	 0.245825
11	 101	 0.254401
11	 102	 0.263546
11	 103	 0.273316
11	 104	 0.283774
11	 105	 0.29499
11	 106	 0.307045
11	 107	 0.320028
11	 108	 0.334039
11	 109	 0.349191
11	 110	 0.365613
11	 111	 0.383447
11	 112	 0.402852
11	 113	 0.424007
11	 114	 0.447105
11	 115	 0.472359
11	 116	 0.499995
11	 117	 0.53025
11	 118	 0.563358
11	 119	 0.599542
11	 120	 0.638986
11	 121	 0.681816
11	 122	 0.728057
11	 123	 0.777598
11	 124	 0.830151
11	 125	 0.885227
11	 126	 0.942132
11	 127	 1
12	 0	 0
12	 1	 0.00162831
12	 2	 0.00325661
12	 3	 0.00488486
12	 4	 0.00651305
12	 5	 0.00814117
12	 6	 0.0097692
12	 7	 0.0113971
12	 8	 0.013025
12	 9	 0.0146527
12	 10	 0.0162804
12	 11	 0.017908
12	 12	 0.0195355
12	 13	 0.0211631
12	 14	 0.0227907
12	 15	 0.0244184
12	 16	 0.0260463
12	 17	 0.0276744
12	 18	 0.029303
12	 19	 0.030932
12	 20	 0.0325616
12	 21	 0.0341919
12	 22	 0.0358232
12	 23	 0.0374556
12	 24	 0.0390894
12	 25	 0.0407246
12	 26	 0.0423616
12	 27	 0.0440007
12	 28	 0.0456421
12	 29	 0.0472861
12	 30	 0.0489332
12	 31	 0.0505836
12	 32	 0.0522378
12	 33	 0.0538961
12	 34	 0.0555591
12	 35	 0.0572272
12	 36	 0.0589009
12	 37	 0.0605809
12	 38	 0.0622676
12	 39	 0.0639617
12	 40	 0.0656638
12	 41	 0.0673748
12	 42	 0.0690952
12	 43	 0.0708259
12	 44	 0.0725678
12	 45	 0.0743216
12	 46	 0.0760884
12	 47	 0.0778691
12	 48	 0.0796648
12	 49	 0.0814765
12	 50	 0.0833054
12	 51	 0.0851528
12	 52	 0.0870199
12	 53	 0.088908
12	 54	 0.0908187
12	 55	 0.0927533
12	 56	 0.0947136
12	 57	 0.0967012
12	 58	 0.0987179
12	 59	 0.100766
12	 60	 0.102846
12	 61	 0.104962
12	 62	 0.107115
12	 63	 0.109307
12	 64	 0.111542
12	 65	 0.113821
12	 66	 0.116148
12	 67	 0.118526
12	 68	 0.120957
12	 69	 0.123445
12	 70	 0.125994
12	 71	 0.128607
12	 72	 0.131289
12	 73	 0.134043
12	 74	 0.136875
12	 75	 0.139789
12	 76	 0.14279
12	 77	 0.145885
12	 78	 0.149079
12	 79	 0.152379
12	 80	 0.155791
12	 81	 0.159324
12	 82	 0.162985
12	 83	 0.166783
12	 84	 0.170728
12	 85	 0.174829
12	 86	 0.179098
12	 87	 0.183547
12	 88	 0.188189
12	 89	 0.193038
12	 90	 0.19811
12	 91	 0.203421
12	 92	 0.20899
12	 93	 0.214838
12	 94	 0.220986
12	 95	 0.22746
12	 96	 0.234286
12	 97	 0.241493
12	 98	 0.249116
12	 99	 0.257189
12	 100	 0.265754
12	 101	 0.274855
12	 102	 0.284542
12	 103	 0.29487
12	 104	 0.305901
12	 105	 0.317704
12	 106	 0.330354
12	 107	 0.343938
12	 108	 0.358549
12	 109	 0.374295
12	 110	 0.391291
12	 111	 0.409668
12	 112	 0.429566
12	 113	 0.451141
12	 114	 0.474559
12	 115	 0.499995
12	 116	 0.527631
12	 117	 0.557651
12	 118	 0.590225
12	 119	 0.625506
12	 120	 0.663604
12	 121	 0.704572
12	 122	 0.748375
12	 123	 0.794866
12	 124	 0.843766
12	 125	 0.894651
12	 126	 0.946955
12	 127	 1
13	 0	 0
13	 1	 0.00176407
13	 2	 0.00352811
13	 3	 0.0052921
13	 4	 0.00705601
13	 5	 0.00881983
13	 6	 0.0105835
13	 7	 0.0123471
13	 8	 0.0141105
13	 9	 0.0158738
13	 10	 0.017637
13	 11	 0.0194001
13	 12	 0.0211631
13	 13	 0.022926
13	 14	 0.0246889
13	 15	 0.0264519
13	 16	 0.0282151
13	 17	 0.0299784
13	 18	 0.0317421
13	 19	 0.0335062
13	 20	 0.035271
13	 21	 0.0370364
13	 22	 0.0388028
13	 23	 0.0405703
13	 24	 0.0423391
13	 25	 0.0441094
13	 26	 0.0458816
13	 27	 0.0476559
13	 28	 0.0494326
13	 29	 0.0512121
13	 30	 0.0529947
13	 31	 0.0547808
13	 32	 0.0565709
13	 33	 0.0583653
13	 34	 0.0601647
13	 35	 0.0619694
13	 36	 0.06378
13	 37	 0.0655973
13	 38	 0.0674216
13	 39	 0.0692539
13	 40	 0.0710946
13	 41	 0.0729447
13	 42	 0.0748049
13	 43	 0.076676
13	 44	 0.0785589
13	 45	 0.0804546
13	 46	 0.0823641
13	 47	 0.0842884
13	 48	 0.0862286
13	 49	 0.088186
13	 50	 0.0901617
13	 51	 0.092157
13	 52	 0.0941734
13	 53	 0.0962122
13	 54	 0.0982751
13	 55	 0.100364
13	 56	 0.102479
13	 57	 0.104624
13	 58	 0.1068
13	 59	 0.109009
13	 60	 0.111253
13	 61	 0.113535
13	 62	 0.115856
13	 63	 0.11822
13	 64	 0.120628
13	 65	 0.123084
13	 66	 0.125591
13	 67	 0.128152
13	 68	 0.13077
13	 69	 0.133449
13	 70	 0.136192
13	 71	 0.139004
13	 72	 0.141888
13	 73	 0.14485
13	 74	 0.147894
13	 75	 0.151026
13	 76	 0.154251
13	 77	 0.157574
13	 78	 0.161003
13	 79	 0.164544
13	 80	 0.168204
13	 81	 0.171992
13	 82	 0.175916
13	 83	 0.179984
13	 84	 0.184207
13	 85	 0.188595
13	 86	 0.193161
13	 87	 0.197915
13	 88	 0.202872
13	 89	 0.208047
13	 90	 0.213456
13	 91	 0.219115
13	 92	 0.225044
13	 93	 0.231264
13	 94	 0.237796
13	 95	 0.244667
13	 96	 0.251903
13	 97	 0.259535
13	 98	 0.267594
13	 99	 0.276118
13	 100	 0.285147
13	 101	 0.294723
13	 102	 0.304897
13	 103	 0.315722
13	 104	 0.327257
13	 105	 0.339569
13	 106	 0.35273
13	 107	 0.366819
13	 108	 0.381926
13	 109	 0.398148
13	 110	 0.41559
13	 111	 0.434367
13	 112	 0.454604
13	 113	 0.476433
13	 114	 0.499994
13	 115	 0.52543
13	 116	 0.552885
13	 117	 0.582496
13	 118	 0.614385
13	 119	 0.648652
13	 120	 0.685354
13	 121	 0.724494
13	 122	 0.766004
13	 123	 0.809724
13	 124	 0.855397
13	 125	 0.902655
13	 126	 0.951036
13	 127	 1
14	 0	 0
14	 1	 0.00189985
14	 2	 0.00379967
14	 3	 0.00569942
14	 4	 0.00759907
14	 5	 0.0094986
14	 6	 0.011398
14	 7	 0.0132972
14	 8	 0.0151962
14	 9	 0.0170951
14	 10	 0.0189938
14	 11	 0.0208923
14	 12	 0.0227907
14	 13	 0.0246889
14	 14	 0.0265871
14	 15	 0.0284854
14	 16	 0.0303836
14	 17	 0.0322821
14	 18	 0.0341808
14	 19	 0.0360799
14	 20	 0.0379796
14	 21	 0.03988
14	 22	 0.0417812
14	 23	 0.0436835
14	 24	 0.0455872
14	 25	 0.0474924
14	 26	 0.0493995
14	 27	 0.0513087
14	 28	 0.0532204
14	 29	 0.055135
14	 30	 0.0570527
14	 31	 0.0589741
14	 32	 0.0608996
14	 33	 0.0628297
14	 34	 0.0647648
14	 35	 0.0667056
14	 36	 0.0686526
14	 37	 0.0706065
14	 38	 0.0725679
14	 39	 0.0745375
14	 40	 0.0765161
14	 41	 0.0785045
14	 42	 0.0805036
14	 43	 0.0825142
14	 44	 0.0845373
14	 45	 0.0865738
14	 46	 0.088625
14	 47	 0.0906917
14	 48	 0.0927754
14	 49	 0.0948771
14	 50	 0.0969983
14	 51	 0.0991402
14	 52	 0.101304
14	 53	 0.103492
14	 54	 0.105706
14	 55	 0.107946
14	 56	 0.110216
14	 57	 0.112516
14	 58	 0.11485
14	 59	 0.117218
14	 60	 0.119623
14	 61	 0.122068
14	 62	 0.124556
14	 63	 0.127087
14	 64	 0.129667
14	 65	 0.132297
14	 66	 0.134981
14	 67	 0.137721
14	 68	 0.140522
14	 69	 0.143388
14	 70	 0.146321
14	 71	 0.149328
14	 72	 0.152411
14	 73	 0.155575
14	 74	 0.158827
14	 75	 0.16217
14	 76	 0.165612
14	 77	 0.169158
14	 78	 0.172815
14	 79	 0.17659
14	 80	 0.18049
14	 81	 0.184524
14	 82	 0.188701
14	 83	 0.19303
14	 84	 0.197521
14	 85	 0.202185
14	 86	 0.207033
14	 87	 0.21208
14	 88	 0.217338
14	 89	 0.222823
14	 90	 0.228551
14	 91	 0.234539
14	 92	 0.240807
14	 93	 0.247376
14	 94	 0.254268
14	 95	 0.261509
14	 96	 0.269126
14	 97	 0.277148
14	 98	 0.285609
14	 99	 0.294543
14	 100	 0.30399
14	 101	 0.313994
14	 102	 0.324601
14	 103	 0.335863
14	 104	 0.347837
14	 105	 0.360586
14	 106	 0.374176
14	 107	 0.388684
14	 108	 0.404189
14	 109	 0.42078
14	 110	 0.438552
14	 111	 0.457606
14	 112	 0.478049
14	 113	 0.499993
14	 114	 0.523554
14	 115	 0.548847
14	 116	 0.575982
14	 117	 0.605062
14	 118	 0.636169
14	 119	 0.669363
14	 120	 0.704664
14	 121	 0.742046
14	 122	 0.781421
14	 123	 0.822631
14	 124	 0.865441
14	 125	 0.909537
14	 126	 0.954535
14	 127	 1
15	 0	 0
15	 1	 0.00203567
15	 2	 0.00407129
15	 3	 0.00610684
15	 4	 0.00814226
15	 5	 0.0101775
15	 6	 0.0122126
15	 7	 0.0142475
15	 8	 0.0162821
15	 9	 0.0183165
15	 10	 0.0203507
15	 11	 0.0223847
15	 12	 0.0244184
15	 13	 0.0264519
15	 14	 0.0284854
15	 15	 0.0305187
15	 16	 0.032552
15	 17	 0.0345855
15	 18	 0.0366191
15	 19	 0.0386531
15	 20	 0.0406875
15	 21	 0.0427226
15	 22	 0.0447585
15	 23	 0.0467955
15	 24	 0.0488338
15	 25	 0.0508736
15	 26	 0.0529153
15	 27	 0.0549591
15	 28	 0.0570054
15	 29	 0.0590546
15	 30	 0.0611071
15	 31	 0.0631633
15	 32	 0.0652238
15	 33	 0.0672889
15	 34	 0.0693593
15	 35	 0.0714356
15	 36	 0.0735183
15	 37	 0.0756082
15	 38	 0.0777059
15	 39	 0.0798122
15	 40	 0.0819278
15	 41	 0.0840537
15	 42	 0.0861908
15	 43	 0.0883399
15	 44	 0.0905022
15	 45	 0.0926785
15	 46	 0.0948702
15	 47	 0.0970782
15	 48	 0.099304
15	 49	 0.101549
15	 50	 0.103814
15	 51	 0.106101
15	 52	 0.108412
15	 53	 0.110747
15	 54	 0.113109
15	 55	 0.1155
15	 56	 0.117922
15	 57	 0.120375
15	 58	 0.122864
15	 59	 0.125389
15	 60	 0.127954
15	 61	 0.13056
15	 62	 0.13321
15	 63	 0.135908
15	 64	 0.138655
15	 65	 0.141456
15	 66	 0.144313
15	 67	 0.14723
15	 68	 0.150211
15	 69	 0.153259
15	 70	 0.156379
15	 71	 0.159574
15	 72	 0.162851
15	 73	 0.166213
15	 74	 0.169667
15	 75	 0.173217
15	 76	 0.176869
15	 77	 0.180631
15	 78	 0.184509
15	 79	 0.18851
15	 80	 0.192642
15	 81	 0.196914
15	 82	 0.201335
15	 83	 0.205914
15	 84	 0.210661
15	 85	 0.215589
15	 86	 0.220709
15	 87	 0.226034
15	 88	 0.231578
15	 89	 0.237356
15	 90	 0.243385
15	 91	 0.249684
15	 92	 0.25627
15	 93	 0.263165
15	 94	 0.270392
15	 95	 0.277976
15	 96	 0.285943
15	 97	 0.294324
15	 98	 0.303149
15	 99	 0.312455
15	 100	 0.322278
15	 101	 0.332662
15	 102	 0.34365
15	 103	 0.355292
15	 104	 0.367643
15	 105	 0.38076
15	 106	 0.394706
15	 107	 0.40955
15	 108	 0.425366
15	 109	 0.442233
15	 110	 0.460233
15	 111	 0.479456
15	 112	 0.499993
15	 113	 0.521937
15	 114	 0.545383
15	 115	 0.570421
15	 116	 0.597136
15	 117	 0.6256
15	 118	 0.655867
15	 119	 0.687966
15	 120	 0.721894
15	 121	 0.757605
15	 122	 0.795004
15	 123	 0.833939
15	 124	 0.874199
15	 125	 0.915515
15	 126	 0.957568
15	 127	 1
16	 0	 0
16	 1	 0.00217152
16	 2	 0.004343
16	 3	 0.00651437
16	 4	 0.0086856
16	 5	 0.0108566
16	 6	 0.0130274
16	 7	 0.015198
16	 8	 0.0173683
16	 9	 0.0195382
16	 10	 0.0217079
16	 11	 0.0238772
16	 12	 0.0260463
16	 13	 0.0282151
16	 14	 0.0303836
16	 15	 0.032552
16	 16	 0.0347204
16	 17	 0.0368887
16	 18	 0.0390571
16	 19	 0.0412258
16	 20	 0.0433948
16	 21	 0.0455644
16	 22	 0.0477348
16	 23	 0.0499062
16	 24	 0.0520788
16	 25	 0.0542529
16	 26	 0.0564289
16	 27	 0.0586069
16	 28	 0.0607875
16	 29	 0.062971
16	 30	 0.0651578
16	 31	 0.0673484
16	 32	 0.0695432
16	 33	 0.0717429
16	 34	 0.073948
16	 35	 0.0761591
16	 36	 0.0783769
16	 37	 0.080602
16	 38	 0.0828353
16	 39	 0.0850774
16	 40	 0.0873293
16	 41	 0.0895918
16	 42	 0.0918659
16	 43	 0.0941526
16	 44	 0.0964529
16	 45	 0.0987679
16	 46	 0.101099
16	 47	 0.103447
16	 48	 0.105814
16	 49	 0.1082
16	 50	 0.110608
16	 51	 0.113039
16	 52	 0.115494
16	 53	 0.117975
16	 54	 0.120485
16	 55	 0.123024
16	 56	 0.125595
16	 57	 0.1282
16	 58	 0.130841
16	 59	 0.133521
16	 60	 0.136242
16	 61	 0.139007
16	 62	 0.141818
16	 63	 0.144678
16	 64	 0.14759
16	 65	 0.150558
16	 66	 0.153585
16	 67	 0.156675
16	 68	 0.159831
16	 69	 0.163058
16	 70	 0.16636
16	 71	 0.169741
16	 72	 0.173206
16	 73	 0.176761
16	 74	 0.18041
16	 75	 0.18416
16	 76	 0.188018
16	 77	 0.191988
16	 78	 0.19608
16	 79	 0.200299
16	 80	 0.204655
16	 81	 0.209155
16	 82	 0.21381
16	 83	 0.218629
16	 84	 0.223622
16	 85	 0.228801
16	 86	 0.234179
16	 87	 0.239768
16	 88	 0.245582
16	 89	 0.251638
16	 90	 0.257951
16	 91	 0.26454
16	 92	 0.271423
16	 93	 0.278622
16	 94	 0.286159
16	 95	 0.294058
16	 96	 0.302347
16	 97	 0.311054
16	 98	 0.32021
16	 99	 0.329848
16	 100	 0.340007
16	 101	 0.350724
16	 102	 0.362044
16	 103	 0.374014
16	 104	 0.386682
16	 105	 0.400104
16	 106	 0.414338
16	 107	 0.429445
16	 108	 0.445493
16	 109	 0.462551
16	 110	 0.480692
16	 111	 0.499992
16	 112	 0.520529
16	 113	 0.542379
16	 114	 0.565619
16	 115	 0.590319
16	 116	 0.616541
16	 117	 0.644334
16	 118	 0.673731
16	 119	 0.704741
16	 120	 0.737341
16	 121	 0.771477
16	 122	 0.807051
16	 123	 0.843921
16	 124	 0.881901
16	 125	 0.920757
16	 126	 0.960223
16	 127	 1
17	 0	 0
17	 1	 0.00230743
17	 2	 0.0046148
17	 3	 0.00692205
17	 4	 0.00922913
17	 5	 0.011536
17	 6	 0.0138425
17	 7	 0.0161488
17	 8	 0.0184547
17	 9	 0.0207602
17	 10	 0.0230654
17	 11	 0.0253701
17	 12	 0.0276744
17	 13	 0.0299784
17	 14	 0.0322821
17	 15	 0.0345855
17	 16	 0.0368887
17	 17	 0.0391917
17	 18	 0.0414948
17	 19	 0.043798
17	 20	 0.0461015
17	 21	 0.0484055
17	 22	 0.0507101
17	 23	 0.0530157
17	 24	 0.0553224
17	 25	 0.0576305
17	 26	 0.0599403
17	 27	 0.0622523
17	 28	 0.0645667
17	 29	 0.066884
17	 30	 0.0692047
17	 31	 0.0715291
17	 32	 0.0738579
17	 33	 0.0761915
17	 34	 0.0785307
17	 35	 0.080876
17	 36	 0.0832281
17	 37	 0.0855878
17	 38	 0.0879558
17	 39	 0.090333
17	 40	 0.0927202
17	 41	 0.0951183
17	 42	 0.0975285
17	 43	 0.0999516
17	 44	 0.102389
17	 45	 0.104841
17	 46	 0.107311
17	 47	 0.109797
17	 48	 0.112303
17	 49	 0.11483
17	 50	 0.117379
17	 51	 0.119952
17	 52	 0.12255
17	 53	 0.125175
17	 54	 0.12783
17	 55	 0.130515
17	 56	 0.133234
17	 57	 0.135988
17	 58	 0.13878
17	 59	 0.141612
17	 60	 0.144487
17	 61	 0.147407
17	 62	 0.150376
17	 63	 0.153396
17	 64	 0.15647
17	 65	 0.159602
17	 66	 0.162795
17	 67	 0.166054
17	 68	 0.169382
17	 69	 0.172783
17	 70	 0.176261
17	 71	 0.179823
17	 72	 0.183471
17	 73	 0.187213
17	 74	 0.191053
17	 75	 0.194997
17	 76	 0.199052
17	 77	 0.203225
17	 78	 0.207522
17	 79	 0.211952
17	 80	 0.216523
17	 81	 0.221243
17	 82	 0.226122
17	 83	 0.231169
17	 84	 0.236397
17	 85	 0.241815
17	 86	 0.247438
17	 87	 0.253276
17	 88	 0.259346
17	 89	 0.265663
17	 90	 0.272242
17	 91	 0.279101
17	 92	 0.286261
17	 93	 0.293741
17	 94	 0.301563
17	 95	 0.309752
17	 96	 0.318333
17	 97	 0.327335
17	 98	 0.336787
17	 99	 0.346722
17	 100	 0.357175
17	 101	 0.368185
17	 102	 0.37979
17	 103	 0.392036
17	 104	 0.404968
17	 105	 0.418637
17	 106	 0.433096
17	 107	 0.4484
17	 108	 0.46461
17	 109	 0.481785
17	 110	 0.499991
17	 111	 0.519291
17	 112	 0.539751
17	 113	 0.561432
17	 114	 0.584396
17	 115	 0.608695
17	 116	 0.634374
17	 117	 0.661466
17	 118	 0.689984
17	 119	 0.719924
17	 120	 0.751253
17	 121	 0.783911
17	 122	 0.817802
17	 123	 0.852795
17	 124	 0.888725
17	 125	 0.925391
17	 126	 0.962566
17	 127	 1
18	 0	 0
18	 1	 0.0024434
18	 2	 0.00488673
18	 3	 0.00732991
18	 4	 0.00977289
18	 5	 0.0122156
18	 6	 0.014658
18	 7	 0.0170999
18	 8	 0.0195415
18	 9	 0.0219826
18	 10	 0.0244232
18	 11	 0.0268633
18	 12	 0.029303
18	 13	 0.0317421
18	 14	 0.0341808
18	 15	 0.0366191
18	 16	 0.0390571
18	 17	 0.0414948
18	 18	 0.0439324
18	 19	 0.04637
18	 20	 0.0488078
18	 21	 0.0512459
18	 22	 0.0536846
18	 23	 0.056124
18	 24	 0.0585645
18	 25	 0.0610062
18	 26	 0.0634497
18	 27	 0.0658952
18	 28	 0.068343
18	 29	 0.0707937
18	 30	 0.0732477
18	 31	 0.0757055
18	 32	 0.0781676
18	 33	 0.0806347
18	 34	 0.0831073
18	 35	 0.0855861
18	 36	 0.0880718
18	 37	 0.0905652
18	 38	 0.0930672
18	 39	 0.0955785
18	 40	 0.0981
18	 41	 0.100633
18	 42	 0.103178
18	 43	 0.105737
18	 44	 0.10831
18	 45	 0.110898
18	 46	 0.113504
18	 47	 0.116129
18	 48	 0.118773
18	 49	 0.121438
18	 50	 0.124126
18	 51	 0.126839
18	 52	 0.129579
18	 53	 0.132346
18	 54	 0.135144
18	 55	 0.137974
18	 56	 0.140838
18	 57	 0.143739
18	 58	 0.146679
18	 59	 0.149661
18	 60	 0.152687
18	 61	 0.15576
18	 62	 0.158883
18	 63	 0.162059
18	 64	 0.165291
18	 65	 0.168584
18	 66	 0.17194
18	 67	 0.175364
18	 68	 0.178859
18	 69	 0.182429
18	 70	 0.186081
18	 71	 0.189817
18	 72	 0.193644
18	 73	 0.197567
18	 74	 0.201591
18	 75	 0.205723
18	 76	 0.209969
18	 77	 0.214336
18	 78	 0.218832
18	 79	 0.223464
18	 80	 0.228241
18	 81	 0.233171
18	 82	 0.238264
18	 83	 0.24353
18	 84	 0.24898
18	 85	 0.254626
18	 86	 0.260479
18	 87	 0.266554
18	 88	 0.272864
18	 89	 0.279424
18	 90	 0.286252
18	 91	 0.293363
18	 92	 0.300778
18	 93	 0.308517
18	 94	 0.316601
