0	 0	 0
1	 0	 0
2	 0	 0
3	 0	 0
4	 0	 0
5	 0	 0
6	 0	 0
7	 0	 0
8	 0	 0
9	 0	 0
10	 0	 0
11	 0	 0
12	 0	 0
13	 0	 0
14	 0	 0
15	 0	 0
16	 0	 0
17	 0	 0
18	 0	 0
19	 0	 0
20	 0	 0
21	 0	 0
22	 0	 0
23	 0	 0
24	 0	 0
25	 0	 0
26	 0	 0
27	 0	 0
28	 0	 0
29	 0	 0
30	 0	 0
31	 0	 0
32	 0	 0
33	 0	 0
34	 0	 0
35	 0	 0
36	 0	 0
37	 0	 0
38	 0	 0
39	 0	 0
40	 0	 0
41	 0	 0
42	 0	 0
43	 0	 0
44	 0	 0
45	 0	 0
46	 0	 0
47	 0	 0
48	 0	 0
49	 0	 0
50	 0	 0
51	 0	 0
52	 0	 0
53	 0	 0
54	 0	 0
55	 0	 0
56	 0	 0
57	 0	 0
58	 0	 0
59	 0	 0
60	 0	 0
61	 0	 0
62	 0	 0
63	 0	 0
64	 0	 0
65	 0	 0
66	 0	 0
67	 0	 0
68	 0	 0
69	 0	 0
70	 0	 0
71	 0	 0
72	 0	 0
73	 0	 0
74	 0	 0
75	 0	 0
76	 0	 0
77	 0	 0
78	 0	 0
79	 0	 0
80	 0	 0
81	 0	 0
82	 0	 0
83	 0	 0
84	 0	 0
85	 0	 0
86	 0	 0
87	 0	 0
88	 0	 0
89	 0	 0
90	 0	 0
91	 0	 0
92	 0	 0
93	 0	 0
94	 0	 0
95	 0	 0
96	 0	 0
97	 0	 0
98	 0	 0
99	 0	 0
100	 0	 0
101	 0	 0
102	 0	 0
103	 0	 0
104	 0	 0
105	 0	 0
106	 0	 0
107	 0	 0
108	 0	 0
109	 0	 0
110	 0	 0
111	 0	 0
112	 0	 0
113	 0	 0
114	 0	 0
115	 0	 0
116	 0	 0
117	 0	 0
118	 0	 0
119	 0	 0
120	 0	 0
121	 0	 0
122	 0	 0
123	 0	 0
124	 0	 0
125	 0	 0
126	 0	 0
127	 0	 1
0	 1	 0
1	 1	 0.00013568
2	 1	 0.000271361
3	 1	 0.000407041
4	 1	 0.000542722
5	 1	 0.000678404
6	 1	 0.000814087
7	 1	 0.000949773
8	 1	 0.00108546
9	 1	 0.00122116
10	 1	 0.00135686
11	 1	 0.00149258
12	 1	 0.00162831
13	 1	 0.00176407
14	 1	 0.00189985
15	 1	 0.00203567
16	 1	 0.00217152
17	 1	 0.00230743
18	 1	 0.0024434
19	 1	 0.00257944
20	 1	 0.00271556
21	 1	 0.00285179
22	 1	 0.00298813
23	 1	 0.0031246
24	 1	 0.00326122
25	 1	 0.00339801
26	 1	 0.00353499
27	 1	 0.00367219
28	 1	 0.00380964
29	 1	 0.00394736
30	 1	 0.00408538
31	 1	 0.00422374
32	 1	 0.00436248
33	 1	 0.00450162
34	 1	 0.00464121
35	 1	 0.00478129
36	 1	 0.00492192
37	 1	 0.00506313
38	 1	 0.00520498
39	 1	 0.00534754
40	 1	 0.00549084
41	 1	 0.00563496
42	 1	 0.00577997
43	 1	 0.00592593
44	 1	 0.00607291
45	 1	 0.006221
46	 1	 0.00637028
47	 1	 0.00652084
48	 1	 0.00667276
49	 1	 0.00682616
50	 1	 0.00698112
51	 1	 0.00713776
52	 1	 0.0072962
53	 1	 0.00745655
54	 1	 0.00761895
55	 1	 0.00778354
56	 1	 0.00795045
57	 1	 0.00811985
58	 1	 0.00829188
59	 1	 0.00846674
60	 1	 0.00864459
61	 1	 0.00882562
62	 1	 0.00901006
63	 1	 0.0091981
64	 1	 0.00938999
65	 1	 0.00958596
66	 1	 0.00978629
67	 1	 0.00999124
68	 1	 0.0102011
69	 1	 0.0104162
70	 1	 0.0106369
71	 1	 0.0108636
72	 1	 0.0110965
73	 1	 0.0113362
74	 1	 0.0115832
75	 1	 0.0118377
76	 1	 0.0121005
77	 1	 0.012372
78	 1	 0.0126529
79	 1	 0.0129438
80	 1	 0.0132454
81	 1	 0.0135584
82	 1	 0.0138838
83	 1	 0.0142224
84	 1	 0.0145752
85	 1	 0.0149433
86	 1	 0.0153278
87	 1	 0.0157302
88	 1	 0.0161517
89	 1	 0.0165941
90	 1	 0.017059
91	 1	 0.0175485
92	 1	 0.0180647
93	 1	 0.0186099
94	 1	 0.019187
95	 1	 0.0197991
96	 1	 0.0204494
97	 1	 0.021142
98	 1	 0.0218813
99	 1	 0.0226723
100	 1	 0.023521
101	 1	 0.0244339
102	 1	 0.025419
103	 1	 0.0264852
104	 1	 0.0276433
105	 1	 0.0289058
106	 1	 0.0302878
107	 1	 0.0318072
108	 1	 0.0334857
109	 1	 0.0353501
110	 1	 0.0374332
111	 1	 0.0397759
112	 1	 0.0424304
113	 1	 0.0454635
114	 1	 0.0489626
115	 1	 0.0530442
116	 1	 0.0578672
117	 1	 0.0636537
118	 1	 0.0707244
119	 1	 0.0795597
120	 1	 0.0909122
121	 1	 0.106029
122	 1	 0.127125
123	 1	 0.158495
124	 1	 0.209389
125	 1	 0.302347
126	 1	 0.5
127	 1	 1
0	 2	 0
1	 2	 0.000271361
2	 2	 0.000542722
3	 2	 0.000814082
4	 2	 0.00108544
5	 2	 0.00135681
6	 2	 0.00162817
7	 2	 0.00189954
8	 2	 0.00217092
9	 2	 0.00244231
10	 2	 0.00271371
11	 2	 0.00298515
12	 2	 0.00325661
13	 2	 0.00352811
14	 2	 0.00379967
15	 2	 0.00407129
16	 2	 0.004343
17	 2	 0.0046148
18	 2	 0.00488673
19	 2	 0.0051588
20	 2	 0.00543103
21	 2	 0.00570346
22	 2	 0.00597612
23	 2	 0.00624904
24	 2	 0.00652226
25	 2	 0.00679582
26	 2	 0.00706976
27	 2	 0.00734414
28	 2	 0.00761901
29	 2	 0.00789442
30	 2	 0.00817043
31	 2	 0.00844712
32	 2	 0.00872454
33	 2	 0.00900278
34	 2	 0.00928192
35	 2	 0.00956205
36	 2	 0.00984325
37	 2	 0.0101256
38	 2	 0.0104093
39	 2	 0.0106943
40	 2	 0.0109809
41	 2	 0.011269
42	 2	 0.011559
43	 2	 0.0118508
44	 2	 0.0121447
45	 2	 0.0124408
46	 2	 0.0127393
47	 2	 0.0130403
48	 2	 0.0133441
49	 2	 0.0136507
50	 2	 0.0139606
51	 2	 0.0142737
52	 2	 0.0145905
53	 2	 0.0149111
54	 2	 0.0152357
55	 2	 0.0155647
56	 2	 0.0158984
57	 2	 0.0162371
58	 2	 0.016581
59	 2	 0.0169305
60	 2	 0.017286
61	 2	 0.0176479
62	 2	 0.0180165
63	 2	 0.0183924
64	 2	 0.0187759
65	 2	 0.0191676
66	 2	 0.0195679
67	 2	 0.0199775
68	 2	 0.020397
69	 2	 0.0208269
70	 2	 0.0212679
71	 2	 0.0217208
72	 2	 0.0221863
73	 2	 0.0226653
74	 2	 0.0231586
75	 2	 0.0236673
76	 2	 0.0241923
77	 2	 0.0247347
78	 2	 0.0252958
79	 2	 0.0258769
80	 2	 0.0264793
81	 2	 0.0271046
82	 2	 0.0277544
83	 2	 0.0284306
84	 2	 0.0291351
85	 2	 0.02987
86	 2	 0.0306378
87	 2	 0.0314411
88	 2	 0.0322826
89	 2	 0.0331656
90	 2	 0.0340936
91	 2	 0.0350703
92	 2	 0.0361002
93	 2	 0.037188
94	 2	 0.0383392
95	 2	 0.0395598
96	 2	 0.0408566
97	 2	 0.0422373
98	 2	 0.0437108
99	 2	 0.0452871
100	 2	 0.0469777
101	 2	 0.0487958
102	 2	 0.0507568
103	 2	 0.0528786
104	 2	 0.0551821
105	 2	 0.0576922
106	 2	 0.0604381
107	 2	 0.0634551
108	 2	 0.0667857
109	 2	 0.0704816
110	 2	 0.0746066
111	 2	 0.0792401
112	 2	 0.0844823
113	 2	 0.0904611
114	 2	 0.0973428
115	 2	 0.105347
116	 2	 0.114771
117	 2	 0.126023
118	 2	 0.139684
119	 2	 0.156602
120	 2	 0.17806
121	 2	 0.206078
122	 2	 0.243977
123	 2	 0.297465
124	 2	 0.376713
125	 2	 0.5
126	 2	 0.697653
127	 2	 1
0	 3	 0
1	 3	 0.000407041
2	 3	 0.000814082
3	 3	 0.00122112
4	 3	 0.00162816
5	 3	 0.00203521
6	 3	 0.00244225
7	 3	 0.0028493
8	 3	 0.00325636
9	 3	 0.00366344
10	 3	 0.00407054
11	 3	 0.00447768
12	 3	 0.00488486
13	 3	 0.0052921
14	 3	 0.00569942
15	 3	 0.00610684
16	 3	 0.00651437
17	 3	 0.00692205
18	 3	 0.00732991
19	 3	 0.00773798
20	 3	 0.0081463
21	 3	 0.00855491
22	 3	 0.00896385
23	 3	 0.00937319
24	 3	 0.00978296
25	 3	 0.0101932
26	 3	 0.0106041
27	 3	 0.0110156
28	 3	 0.0114278
29	 3	 0.0118409
30	 3	 0.0122548
31	 3	 0.0126697
32	 3	 0.0130858
33	 3	 0.0135031
34	 3	 0.0139217
35	 3	 0.0143417
36	 3	 0.0147634
37	 3	 0.0151868
38	 3	 0.0156122
39	 3	 0.0160396
40	 3	 0.0164693
41	 3	 0.0169014
42	 3	 0.0173361
43	 3	 0.0177737
44	 3	 0.0182143
45	 3	 0.0186583
46	 3	 0.0191057
47	 3	 0.019557
48	 3	 0.0200124
49	 3	 0.0204722
50	 3	 0.0209366
51	 3	 0.0214061
52	 3	 0.0218809
53	 3	 0.0223615
54	 3	 0.0228481
55	 3	 0.0233413
56	 3	 0.0238414
57	 3	 0.024349
58	 3	 0.0248644
59	 3	 0.0253882
60	 3	 0.025921
61	 3	 0.0264633
62	 3	 0.0270157
63	 3	 0.027579
64	 3	 0.0281536
65	 3	 0.0287405
66	 3	 0.0293404
67	 3	 0.029954
68	 3	 0.0305824
69	 3	 0.0312264
70	 3	 0.031887
71	 3	 0.0325654
72	 3	 0.0332626
73	 3	 0.03398
74	 3	 0.0347188
75	 3	 0.0354805
76	 3	 0.0362666
77	 3	 0.0370788
78	 3	 0.0379188
79	 3	 0.0387886
80	 3	 0.0396903
81	 3	 0.0406261
82	 3	 0.0415986
83	 3	 0.0426104
84	 3	 0.0436645
85	 3	 0.044764
86	 3	 0.0459124
87	 3	 0.0471137
88	 3	 0.0483721
89	 3	 0.0496922
90	 3	 0.0510793
91	 3	 0.052539
92	 3	 0.0540778
93	 3	 0.0557028
94	 3	 0.057422
95	 3	 0.0592442
96	 3	 0.0611797
97	 3	 0.0632399
98	 3	 0.0654375
99	 3	 0.0677875
100	 3	 0.0703068
101	 3	 0.0730147
102	 3	 0.0759338
103	 3	 0.0790902
104	 3	 0.0825145
105	 3	 0.0862427
106	 3	 0.0903174
107	 3	 0.0947895
108	 3	 0.0997203
109	 3	 0.105184
110	 3	 0.111272
111	 3	 0.118096
112	 3	 0.125798
113	 3	 0.134556
114	 3	 0.1446
115	 3	 0.156231
116	 3	 0.169846
117	 3	 0.185984
118	 3	 0.205387
119	 3	 0.229105
120	 3	 0.258648
121	 3	 0.296246
122	 3	 0.345241
123	 3	 0.410676
124	 3	 0.499999
125	 3	 0.623286
126	 3	 0.790611
127	 3	 1
0	 4	 0
1	 4	 0.000542722
2	 4	 0.00108544
3	 4	 0.00162816
4	 4	 0.00217088
5	 4	 0.0027136
6	 4	 0.00325632
7	 4	 0.00379905
8	 4	 0.00434179
9	 4	 0.00488455
10	 4	 0.00542734
11	 4	 0.00597017
12	 4	 0.00651305
13	 4	 0.00705601
14	 4	 0.00759907
15	 4	 0.00814226
16	 4	 0.0086856
17	 4	 0.00922913
18	 4	 0.00977289
19	 4	 0.0103169
20	 4	 0.0108613
21	 4	 0.011406
22	 4	 0.0119512
23	 4	 0.0124969
24	 4	 0.0130432
25	 4	 0.0135901
26	 4	 0.0141378
27	 4	 0.0146863
28	 4	 0.0152358
29	 4	 0.0157864
30	 4	 0.0163382
31	 4	 0.0168913
32	 4	 0.0174458
33	 4	 0.018002
34	 4	 0.0185599
35	 4	 0.0191198
36	 4	 0.0196818
37	 4	 0.0202461
38	 4	 0.020813
39	 4	 0.0213826
40	 4	 0.0219552
41	 4	 0.022531
42	 4	 0.0231104
43	 4	 0.0236935
44	 4	 0.0242806
45	 4	 0.0248722
46	 4	 0.0254684
47	 4	 0.0260697
48	 4	 0.0266764
49	 4	 0.027289
50	 4	 0.0279077
51	 4	 0.0285331
52	 4	 0.0291657
53	 4	 0.0298058
54	 4	 0.030454
55	 4	 0.0311109
56	 4	 0.0317771
57	 4	 0.032453
58	 4	 0.0331395
59	 4	 0.0338371
60	 4	 0.0345465
61	 4	 0.0352686
62	 4	 0.0360042
63	 4	 0.0367541
64	 4	 0.0375192
65	 4	 0.0383005
66	 4	 0.039099
67	 4	 0.0399158
68	 4	 0.0407522
69	 4	 0.0416093
70	 4	 0.0424884
71	 4	 0.0433911
72	 4	 0.0443189
73	 4	 0.0452733
74	 4	 0.0462561
75	 4	 0.0472693
76	 4	 0.0483148
77	 4	 0.0493949
78	 4	 0.050512
79	 4	 0.0516684
80	 4	 0.0528671
81	 4	 0.0541111
82	 4	 0.0554035
83	 4	 0.056748
84	 4	 0.0581484
85	 4	 0.0596089
86	 4	 0.0611342
87	 4	 0.0627293
88	 4	 0.0643998
89	 4	 0.0661519
90	 4	 0.0679923
91	 4	 0.0699286
92	 4	 0.0719692
93	 4	 0.0741234
94	 4	 0.0764016
95	 4	 0.0788155
96	 4	 0.0813783
97	 4	 0.0841049
98	 4	 0.0870119
99	 4	 0.0901188
100	 4	 0.0934472
101	 4	 0.0970225
102	 4	 0.100873
103	 4	 0.105034
104	 4	 0.109543
105	 4	 0.114447
106	 4	 0.119799
107	 4	 0.125665
108	 4	 0.132122
109	 4	 0.139262
110	 4	 0.1472
111	 4	 0.156074
112	 4	 0.166056
113	 4	 0.177364
114	 4	 0.190271
115	 4	 0.20513
116	 4	 0.222398
117	 4	 0.242678
118	 4	 0.266776
119	 4	 0.295782
120	 4	 0.331182
121	 4	 0.375016
122	 4	 0.430064
123	 4	 0.499999
124	 4	 0.589322
125	 4	 0.702534
126	 4	 0.841505
127	 4	 1
0	 5	 0
1	 5	 0.000678404
2	 5	 0.00135681
3	 5	 0.00203521
4	 5	 0.0027136
5	 5	 0.003392
6	 5	 0.00407039
7	 5	 0.00474879
8	 5	 0.0054272
9	 5	 0.00610563
10	 5	 0.00678409
11	 5	 0.0074626
12	 5	 0.00814117
13	 5	 0.00881983
14	 5	 0.0094986
15	 5	 0.0101775
16	 5	 0.0108566
17	 5	 0.011536
18	 5	 0.0122156
19	 5	 0.0128955
20	 5	 0.0135759
21	 5	 0.0142567
22	 5	 0.014938
23	 5	 0.01562
24	 5	 0.0163027
25	 5	 0.0169862
26	 5	 0.0176706
27	 5	 0.0183561
28	 5	 0.0190428
29	 5	 0.0197308
30	 5	 0.0204202
31	 5	 0.0211113
32	 5	 0.0218042
33	 5	 0.0224991
34	 5	 0.0231962
35	 5	 0.0238957
36	 5	 0.0245979
37	 5	 0.0253029
38	 5	 0.0260111
39	 5	 0.0267227
40	 5	 0.0274379
41	 5	 0.0281572
42	 5	 0.0288809
43	 5	 0.0296092
44	 5	 0.0303425
45	 5	 0.0310813
46	 5	 0.031826
47	 5	 0.0325769
48	 5	 0.0333346
49	 5	 0.0340995
50	 5	 0.0348721
51	 5	 0.035653
52	 5	 0.0364428
53	 5	 0.037242
54	 5	 0.0380513
55	 5	 0.0388713
56	 5	 0.0397028
57	 5	 0.0405466
58	 5	 0.0414034
59	 5	 0.042274
60	 5	 0.0431594
61	 5	 0.0440605
62	 5	 0.0449784
63	 5	 0.045914
64	 5	 0.0468685
65	 5	 0.0478432
66	 5	 0.0488393
67	 5	 0.0498581
68	 5	 0.0509012
69	 5	 0.05197
70	 5	 0.0530663
71	 5	 0.0541918
72	 5	 0.0553484
73	 5	 0.0565381
74	 5	 0.0577631
75	 5	 0.0590257
76	 5	 0.0603285
77	 5	 0.0616742
78	 5	 0.0630657
79	 5	 0.064506
80	 5	 0.0659988
81	 5	 0.0675476
82	 5	 0.0691564
83	 5	 0.0708297
84	 5	 0.0725722
85	 5	 0.0743891
86	 5	 0.0762861
87	 5	 0.0782695
88	 5	 0.0803459
89	 5	 0.0825232
90	 5	 0.0848094
91	 5	 0.087214
92	 5	 0.089747
93	 5	 0.09242
94	 5	 0.0952455
95	 5	 0.0982379
96	 5	 0.101413
97	 5	 0.104789
98	 5	 0.108387
99	 5	 0.112228
100	 5	 0.116341
101	 5	 0.120754
102	 5	 0.125504
103	 5	 0.130629
104	 5	 0.136177
105	 5	 0.142202
106	 5	 0.148768
107	 5	 0.155951
108	 5	 0.16384
109	 5	 0.172544
110	 5	 0.182192
111	 5	 0.192943
112	 5	 0.20499
113	 5	 0.218573
114	 5	 0.233991
115	 5	 0.25162
116	 5	 0.271938
117	 5	 0.295555
118	 5	 0.323259
119	 5	 0.356064
120	 5	 0.395281
121	 5	 0.442573
122	 5	 0.499999
123	 5	 0.569934
124	 5	 0.654758
125	 5	 0.756021
126	 5	 0.872874
127	 5	 1
0	 6	 0
1	 6	 0.000814087
2	 6	 0.00162817
3	 6	 0.00244225
4	 6	 0.00325632
5	 6	 0.00407039
6	 6	 0.00488446
7	 6	 0.00569852
8	 6	 0.00651259
9	 6	 0.00732668
10	 6	 0.0081408
11	 6	 0.00895496
12	 6	 0.0097692
13	 6	 0.0105835
14	 6	 0.011398
15	 6	 0.0122126
16	 6	 0.0130274
17	 6	 0.0138425
18	 6	 0.014658
19	 6	 0.0154738
20	 6	 0.01629
21	 6	 0.0171068
22	 6	 0.0179242
23	 6	 0.0187424
24	 6	 0.0195614
25	 6	 0.0203814
26	 6	 0.0212024
27	 6	 0.0220247
28	 6	 0.0228484
29	 6	 0.0236737
30	 6	 0.0245007
31	 6	 0.0253296
32	 6	 0.0261607
33	 6	 0.0269941
34	 6	 0.0278301
35	 6	 0.0286691
36	 6	 0.0295111
37	 6	 0.0303566
38	 6	 0.0312057
39	 6	 0.032059
40	 6	 0.0329167
41	 6	 0.0337791
42	 6	 0.0346467
43	 6	 0.0355198
44	 6	 0.036399
45	 6	 0.0372847
46	 6	 0.0381773
47	 6	 0.0390774
48	 6	 0.0399856
49	 6	 0.0409023
50	 6	 0.0418283
51	 6	 0.0427641
52	 6	 0.0437105
53	 6	 0.0446681
54	 6	 0.0456378
55	 6	 0.0466202
56	 6	 0.0476164
57	 6	 0.0486271
58	 6	 0.0496534
59	 6	 0.0506962
60	 6	 0.0517566
61	 6	 0.0528357
62	 6	 0.0539347
63	 6	 0.055055
64	 6	 0.0561978
65	 6	 0.0573645
66	 6	 0.0585568
67	 6	 0.0597762
68	 6	 0.0610244
69	 6	 0.0623034
70	 6	 0.063615
71	 6	 0.0649614
72	 6	 0.0663448
73	 6	 0.0677676
74	 6	 0.0692324
75	 6	 0.070742
76	 6	 0.0722994
77	 6	 0.0739077
78	 6	 0.0755704
79	 6	 0.0772913
80	 6	 0.0790744
81	 6	 0.080924
82	 6	 0.0828449
83	 6	 0.0848422
84	 6	 0.0869217
85	 6	 0.0890893
86	 6	 0.0913518
87	 6	 0.0937164
88	 6	 0.0961914
89	 6	 0.0987854
90	 6	 0.101508
91	 6	 0.104371
92	 6	 0.107385
93	 6	 0.110564
94	 6	 0.113923
95	 6	 0.117478
96	 6	 0.121247
97	 6	 0.125252
98	 6	 0.129517
99	 6	 0.134067
100	 6	 0.138934
101	 6	 0.144151
102	 6	 0.149758
103	 6	 0.155802
104	 6	 0.162334
105	 6	 0.169416
106	 6	 0.17712
107	 6	 0.185529
108	 6	 0.194743
109	 6	 0.204881
110	 6	 0.216082
111	 6	 0.228516
112	 6	 0.242388
113	 6	 0.257947
114	 6	 0.2755
115	 6	 0.295422
116	 6	 0.318178
117	 6	 0.344346
118	 6	 0.374638
119	 6	 0.409935
120	 6	 0.451303
121	 6	 0.499998
122	 6	 0.557424
123	 6	 0.624982
124	 6	 0.703752
125	 6	 0.793921
126	 6	 0.89397
127	 6	 1
0	 7	 0
1	 7	 0.000949773
2	 7	 0.00189954
3	 7	 0.0028493
4	 7	 0.00379905
5	 7	 0.00474879
6	 7	 0.00569852
7	 7	 0.00664824
8	 7	 0.00759796
9	 7	 0.0085477
10	 7	 0.00949746
11	 7	 0.0104473
12	 7	 0.0113971
13	 7	 0.0123471
14	 7	 0.0132972
15	 7	 0.0142475
16	 7	 0.015198
17	 7	 0.0161488
18	 7	 0.0170999
19	 7	 0.0180515
20	 7	 0.0190036
21	 7	 0.0199563
22	 7	 0.0209097
23	 7	 0.021864
24	 7	 0.0228192
25	 7	 0.0237755
26	 7	 0.024733
27	 7	 0.0256919
28	 7	 0.0266525
29	 7	 0.0276148
30	 7	 0.0285792
31	 7	 0.0295457
32	 7	 0.0305147
33	 7	 0.0314865
34	 7	 0.0324612
35	 7	 0.0334392
36	 7	 0.0344209
37	 7	 0.0354065
38	 7	 0.0363964
39	 7	 0.0373909
40	 7	 0.0383906
41	 7	 0.0393958
42	 7	 0.0404069
43	 7	 0.0414245
44	 7	 0.042449
45	 7	 0.0434811
46	 7	 0.0445212
47	 7	 0.0455699
48	 7	 0.0466279
49	 7	 0.0476959
50	 7	 0.0487746
51	 7	 0.0498646
52	 7	 0.0509669
53	 7	 0.0520822
54	 7	 0.0532114
55	 7	 0.0543555
56	 7	 0.0555154
57	 7	 0.0566921
58	 7	 0.0578869
59	 7	 0.0591008
60	 7	 0.060335
61	 7	 0.0615909
62	 7	 0.0628699
63	 7	 0.0641734
64	 7	 0.065503
65	 7	 0.0668603
66	 7	 0.0682472
67	 7	 0.0696654
68	 7	 0.071117
69	 7	 0.0726041
70	 7	 0.0741289
71	 7	 0.075694
72	 7	 0.0773018
73	 7	 0.0789551
74	 7	 0.080657
75	 7	 0.0824106
76	 7	 0.0842193
77	 7	 0.0860868
78	 7	 0.088017
79	 7	 0.0900144
80	 7	 0.0920834
81	 7	 0.0942291
82	 7	 0.0964569
83	 7	 0.0987727
84	 7	 0.101183
85	 7	 0.103695
86	 7	 0.106315
87	 7	 0.109053
88	 7	 0.111918
89	 7	 0.114919
90	 7	 0.118068
91	 7	 0.121376
92	 7	 0.124858
93	 7	 0.128528
94	 7	 0.132403
95	 7	 0.136502
96	 7	 0.140846
97	 7	 0.145456
98	 7	 0.150361
99	 7	 0.15559
100	 7	 0.161176
101	 7	 0.167157
102	 7	 0.173577
103	 7	 0.180485
104	 7	 0.18794
105	 7	 0.196008
106	 7	 0.204766
107	 7	 0.214303
108	 7	 0.224724
109	 7	 0.236154
110	 7	 0.248738
111	 7	 0.26265
112	 7	 0.278098
113	 7	 0.295328
114	 7	 0.314639
115	 7	 0.336389
116	 7	 0.361007
117	 7	 0.389011
118	 7	 0.421014
119	 7	 0.457736
120	 7	 0.499998
121	 7	 0.548693
122	 7	 0.604716
123	 7	 0.668816
124	 7	 0.74135
125	 7	 0.821938
126	 7	 0.909087
127	 7	 1
0	 8	 0
1	 8	 0.00108546
2	 8	 0.00217092
3	 8	 0.00325636
4	 8	 0.00434179
5	 8	 0.0054272
6	 8	 0.00651259
7	 8	 0.00759796
8	 8	 0.00868333
9	 8	 0.00976869
10	 8	 0.0108541
11	 8	 0.0119395
12	 8	 0.013025
13	 8	 0.0141105
14	 8	 0.0151962
15	 8	 0.0162821
16	 8	 0.0173683
17	 8	 0.0184547
18	 8	 0.0195415
19	 8	 0.0206288
20	 8	 0.0217166
21	 8	 0.0228051
22	 8	 0.0238944
23	 8	 0.0249846
24	 8	 0.0260758
25	 8	 0.0271683
26	 8	 0.0282621
27	 8	 0.0293576
28	 8	 0.0304548
29	 8	 0.031554
30	 8	 0.0326554
31	 8	 0.0337594
32	 8	 0.0348661
33	 8	 0.0359758
34	 8	 0.0370889
35	 8	 0.0382058
36	 8	 0.0393267
37	 8	 0.0404521
38	 8	 0.0415823
39	 8	 0.0427178
40	 8	 0.043859
41	 8	 0.0450065
42	 8	 0.0461607
43	 8	 0.0473222
44	 8	 0.0484916
45	 8	 0.0496694
46	 8	 0.0508563
47	 8	 0.0520531
48	 8	 0.0532603
49	 8	 0.0544788
50	 8	 0.0557094
51	 8	 0.056953
52	 8	 0.0582103
53	 8	 0.0594824
54	 8	 0.0607702
55	 8	 0.0620749
56	 8	 0.0633975
57	 8	 0.0647392
58	 8	 0.0661012
59	 8	 0.067485
60	 8	 0.0688918
61	 8	 0.0703231
62	 8	 0.0717805
63	 8	 0.0732658
64	 8	 0.0747805
65	 8	 0.0763267
66	 8	 0.0779062
67	 8	 0.0795213
68	 8	 0.0811741
69	 8	 0.082867
70	 8	 0.0846027
71	 8	 0.0863838
72	 8	 0.0882132
73	 8	 0.0900941
74	 8	 0.0920299
75	 8	 0.094024
76	 8	 0.0960803
77	 8	 0.0982031
78	 8	 0.100397
79	 8	 0.102666
80	 8	 0.105016
81	 8	 0.107452
82	 8	 0.109981
83	 8	 0.112609
84	 8	 0.115343
85	 8	 0.118191
86	 8	 0.121161
87	 8	 0.124263
88	 8	 0.127508
89	 8	 0.130905
90	 8	 0.134467
91	 8	 0.138208
92	 8	 0.142143
93	 8	 0.146288
94	 8	 0.150661
95	 8	 0.155283
96	 8	 0.160176
97	 8	 0.165367
98	 8	 0.170882
99	 8	 0.176755
100	 8	 0.183022
101	 8	 0.189724
102	 8	 0.196906
103	 8	 0.204623
104	 8	 0.212935
105	 8	 0.221911
106	 8	 0.231632
107	 8	 0.242192
108	 8	 0.253696
109	 8	 0.266273
110	 8	 0.280066
111	 8	 0.29525
112	 8	 0.312025
113	 8	 0.330629
114	 8	 0.35134
115	 8	 0.374487
116	 8	 0.400451
117	 8	 0.429678
118	 8	 0.462671
119	 8	 0.499997
120	 8	 0.542259
121	 8	 0.59006
122	 8	 0.643932
123	 8	 0.704215
124	 8	 0.770893
125	 8	 0.843396
126	 8	 0.920439
127	 8	 1
0	 9	 0
1	 9	 0.00122116
2	 9	 0.00244231
3	 9	 0.00366344
4	 9	 0.00488455
5	 9	 0.00610563
6	 9	 0.00732668
7	 9	 0.0085477
8	 9	 0.00976869
9	 9	 0.0109897
10	 9	 0.0122107
11	 9	 0.0134317
12	 9	 0.0146527
13	 9	 0.0158738
14	 9	 0.0170951
15	 9	 0.0183165
16	 9	 0.0195382
17	 9	 0.0207602
18	 9	 0.0219826
19	 9	 0.0232055
20	 9	 0.0244289
21	 9	 0.0256531
22	 9	 0.0268781
23	 9	 0.0281041
24	 9	 0.0293313
25	 9	 0.0305597
26	 9	 0.0317897
27	 9	 0.0330214
28	 9	 0.0342551
29	 9	 0.0354909
30	 9	 0.0367292
31	 9	 0.0379702
32	 9	 0.0392143
33	 9	 0.0404618
34	 9	 0.041713
35	 9	 0.0429683
36	 9	 0.0442281
37	 9	 0.0454928
38	 9	 0.0467629
39	 9	 0.0480389
40	 9	 0.0493212
41	 9	 0.0506105
42	 9	 0.0519072
43	 9	 0.0532121
44	 9	 0.0545256
45	 9	 0.0558486
46	 9	 0.0571817
47	 9	 0.0585258
48	 9	 0.0598815
49	 9	 0.0612497
50	 9	 0.0626314
51	 9	 0.0640275
52	 9	 0.0654389
53	 9	 0.0668668
54	 9	 0.0683122
55	 9	 0.0697764
56	 9	 0.0712605
57	 9	 0.0727659
58	 9	 0.0742939
59	 9	 0.0758461
60	 9	 0.077424
61	 9	 0.0790292
62	 9	 0.0806634
63	 9	 0.0823286
64	 9	 0.0840266
65	 9	 0.0857596
66	 9	 0.0875297
67	 9	 0.0893394
68	 9	 0.091191
69	 9	 0.0930873
70	 9	 0.095031
71	 9	 0.0970253
72	 9	 0.0990732
73	 9	 0.101178
74	 9	 0.103344
75	 9	 0.105575
76	 9	 0.107875
77	 9	 0.110249
78	 9	 0.112701
79	 9	 0.115236
80	 9	 0.117862
81	 9	 0.120583
82	 9	 0.123406
83	 9	 0.126339
84	 9	 0.129389
85	 9	 0.132565
86	 9	 0.135876
87	 9	 0.139332
88	 9	 0.142944
89	 9	 0.146725
90	 9	 0.150688
91	 9	 0.154846
92	 9	 0.159217
93	 9	 0.163818
94	 9	 0.168669
95	 9	 0.173792
96	 9	 0.17921
97	 9	 0.184951
98	 9	 0.191046
99	 9	 0.197527
100	 9	 0.204434
101	 9	 0.211809
102	 9	 0.219701
103	 9	 0.228165
104	 9	 0.237264
105	 9	 0.247069
106	 9	 0.257661
107	 9	 0.269135
108	 9	 0.281598
109	 9	 0.295173
110	 9	 0.310005
111	 9	 0.326258
112	 9	 0.344124
113	 9	 0.363822
114	 9	 0.385606
115	 9	 0.409767
116	 9	 0.436634
117	 9	 0.466576
118	 9	 0.499997
119	 9	 0.537323
120	 9	 0.57898
121	 9	 0.625357
122	 9	 0.676737
123	 9	 0.73322
124	 9	 0.79461
125	 9	 0.860314
126	 9	 0.929275
127	 9	 1
0	 10	 0
1	 10	 0.00135686
2	 10	 0.00271371
3	 10	 0.00407054
4	 10	 0.00542734
5	 10	 0.00678409
6	 10	 0.0081408
7	 10	 0.00949746
8	 10	 0.0108541
9	 10	 0.0122107
10	 10	 0.0135672
11	 10	 0.0149238
12	 10	 0.0162804
13	 10	 0.017637
14	 10	 0.0189938
15	 10	 0.0203507
16	 10	 0.0217079
17	 10	 0.0230654
18	 10	 0.0244232
19	 10	 0.0257816
20	 10	 0.0271406
21	 10	 0.0285003
22	 10	 0.0298609
23	 10	 0.0312225
24	 10	 0.0325854
25	 10	 0.0339497
26	 10	 0.0353156
27	 10	 0.0366833
28	 10	 0.0380532
29	 10	 0.0394254
30	 10	 0.0408002
31	 10	 0.0421781
32	 10	 0.0435592
33	 10	 0.0449441
34	 10	 0.0463329
35	 10	 0.0477263
36	 10	 0.0491246
37	 10	 0.0505282
38	 10	 0.0519377
39	 10	 0.0533536
40	 10	 0.0547765
41	 10	 0.056207
42	 10	 0.0576457
43	 10	 0.0590932
44	 10	 0.0605503
45	 10	 0.0620177
46	 10	 0.0634962
47	 10	 0.0649867
48	 10	 0.0664901
49	 10	 0.0680071
50	 10	 0.069539
51	 10	 0.0710866
52	 10	 0.0726511
53	 10	 0.0742337
54	 10	 0.0758355
55	 10	 0.0774579
56	 10	 0.0791022
57	 10	 0.0807699
58	 10	 0.0824625
59	 10	 0.0841816
60	 10	 0.0859289
61	 10	 0.0877062
62	 10	 0.0895154
63	 10	 0.0913586
64	 10	 0.0932378
65	 10	 0.0951554
66	 10	 0.0971138
67	 10	 0.0991155
68	 10	 0.101163
69	 10	 0.10326
70	 10	 0.105409
71	 10	 0.107613
72	 10	 0.109876
73	 10	 0.112202
74	 10	 0.114594
75	 10	 0.117057
76	 10	 0.119596
77	 10	 0.122216
78	 10	 0.124921
79	 10	 0.127717
80	 10	 0.130612
81	 10	 0.133611
82	 10	 0.136721
83	 10	 0.139951
84	 10	 0.143309
85	 10	 0.146803
86	 10	 0.150445
87	 10	 0.154244
88	 10	 0.158213
89	 10	 0.162364
90	 10	 0.166712
91	 10	 0.171272
92	 10	 0.176062
93	 10	 0.1811
94	 10	 0.186406
95	 10	 0.192005
96	 10	 0.197921
97	 10	 0.204183
98	 10	 0.210822
99	 10	 0.217874
100	 10	 0.225378
101	 10	 0.233378
102	 10	 0.241925
103	 10	 0.251073
104	 10	 0.260887
105	 10	 0.271439
106	 10	 0.282809
107	 10	 0.295089
108	 10	 0.308386
109	 10	 0.322818
110	 10	 0.338523
111	 10	 0.355654
112	 10	 0.37439
113	 10	 0.394928
114	 10	 0.417495
115	 10	 0.44234
116	 10	 0.469741
117	 10	 0.499996
118	 10	 0.533417
119	 10	 0.570316
120	 10	 0.610983
121	 10	 0.655649
122	 10	 0.704441
123	 10	 0.757318
124	 10	 0.814014
125	 10	 0.873975
126	 10	 0.936345
127	 10	 1
0	 11	 0
1	 11	 0.00149258
2	 11	 0.00298515
3	 11	 0.00447768
4	 11	 0.00597017
5	 11	 0.0074626
6	 11	 0.00895496
7	 11	 0.0104473
8	 11	 0.0119395
9	 11	 0.0134317
10	 11	 0.0149238
11	 11	 0.0164159
12	 11	 0.017908
13	 11	 0.0194001
14	 11	 0.0208923
15	 11	 0.0223847
16	 11	 0.0238772
17	 11	 0.0253701
18	 11	 0.0268633
19	 11	 0.0283571
20	 11	 0.0298514
21	 11	 0.0313466
22	 11	 0.0328426
23	 11	 0.0343397
24	 11	 0.0358381
25	 11	 0.037338
26	 11	 0.0388396
27	 11	 0.0403431
28	 11	 0.0418489
29	 11	 0.0433572
30	 11	 0.0448683
31	 11	 0.0463826
32	 11	 0.0479005
33	 11	 0.0494223
34	 11	 0.0509484
35	 11	 0.0524794
36	 11	 0.0540156
37	 11	 0.0555577
38	 11	 0.0571061
39	 11	 0.0586614
40	 11	 0.0602243
41	 11	 0.0617953
42	 11	 0.0633752
43	 11	 0.0649647
44	 11	 0.0665646
45	 11	 0.0681757
46	 11	 0.0697988
47	 11	 0.0714349
48	 11	 0.0730849
49	 11	 0.0747498
50	 11	 0.0764308
51	 11	 0.0781289
52	 11	 0.0798453
53	 11	 0.0815813
54	 11	 0.0833383
55	 11	 0.0851175
56	 11	 0.0869206
57	 11	 0.0887491
58	 11	 0.0906046
59	 11	 0.0924889
60	 11	 0.0944038
61	 11	 0.0963513
62	 11	 0.0983334
63	 11	 0.100352
64	 11	 0.102411
65	 11	 0.10451
66	 11	 0.106654
67	 11	 0.108846
68	 11	 0.111087
69	 11	 0.113381
70	 11	 0.115731
71	 11	 0.118142
72	 11	 0.120616
73	 11	 0.123158
74	 11	 0.125773
75	 11	 0.128464
76	 11	 0.131237
77	 11	 0.134097
78	 11	 0.137049
79	 11	 0.140101
80	 11	 0.143258
81	 11	 0.146528
82	 11	 0.149917
83	 11	 0.153436
84	 11	 0.157092
85	 11	 0.160895
86	 11	 0.164856
87	 11	 0.168986
88	 11	 0.173299
89	 11	 0.177806
90	 11	 0.182524
91	 11	 0.187469
92	 11	 0.192658
93	 11	 0.198112
94	 11	 0.203851
95	 11	 0.209901
96	 11	 0.216286
97	 11	 0.223037
98	 11	 0.230186
99	 11	 0.237769
100	 11	 0.245825
101	 11	 0.254401
102	 11	 0.263546
103	 11	 0.273316
104	 11	 0.283774
105	 11	 0.29499
106	 11	 0.307045
107	 11	 0.320028
108	 11	 0.334039
109	 11	 0.349191
110	 11	 0.365613
111	 11	 0.383447
112	 11	 0.402852
113	 11	 0.424007
114	 11	 0.447105
115	 11	 0.472359
116	 11	 0.499995
117	 11	 0.53025
118	 11	 0.563358
119	 11	 0.599542
120	 11	 0.638986
121	 11	 0.681816
122	 11	 0.728057
123	 11	 0.777598
124	 11	 0.830151
125	 11	 0.885227
126	 11	 0.942132
127	 11	 1
0	 12	 0
1	 12	 0.00162831
2	 12	 0.00325661
3	 12	 0.00488486
4	 12	 0.00651305
5	 12	 0.00814117
6	 12	 0.0097692
7	 12	 0.0113971
8	 12	 0.013025
9	 12	 0.0146527
10	 12	 0.0162804
11	 12	 0.017908
12	 12	 0.0195355
13	 12	 0.0211631
14	 12	 0.0227907
15	 12	 0.0244184
16	 12	 0.0260463
17	 12	 0.0276744
18	 12	 0.029303
19	 12	 0.030932
20	 12	 0.0325616
21	 12	 0.0341919
22	 12	 0.0358232
23	 12	 0.0374556
24	 12	 0.0390894
25	 12	 0.0407246
26	 12	 0.0423616
27	 12	 0.0440007
28	 12	 0.0456421
29	 12	 0.0472861
30	 12	 0.0489332
31	 12	 0.0505836
32	 12	 0.0522378
33	 12	 0.0538961
34	 12	 0.0555591
35	 12	 0.0572272
36	 12	 0.0589009
37	 12	 0.0605809
38	 12	 0.0622676
39	 12	 0.0639617
40	 12	 0.0656638
41	 12	 0.0673748
42	 12	 0.0690952
43	 12	 0.0708259
44	 12	 0.0725678
45	 12	 0.0743216
46	 12	 0.0760884
47	 12	 0.0778691
48	 12	 0.0796648
49	 12	 0.0814765
50	 12	 0.0833054
51	 12	 0.0851528
52	 12	 0.0870199
53	 12	 0.088908
54	 12	 0.0908187
55	 12	 0.0927533
56	 12	 0.0947136
57	 12	 0.0967012
58	 12	 0.0987179
59	 12	 0.100766
60	 12	 0.102846
61	 12	 0.104962
62	 12	 0.107115
63	 12	 0.109307
64	 12	 0.111542
65	 12	 0.113821
66	 12	 0.116148
67	 12	 0.118526
68	 12	 0.120957
69	 12	 0.123445
70	 12	 0.125994
71	 12	 0.128607
72	 12	 0.131289
73	 12	 0.134043
74	 12	 0.136875
75	 12	 0.139789
76	 12	 0.14279
77	 12	 0.145885
78	 12	 0.149079
79	 12	 0.152379
80	 12	 0.155791
81	 12	 0.159324
82	 12	 0.162985
83	 12	 0.166783
84	 12	 0.170728
85	 12	 0.174829
86	 12	 0.179098
87	 12	 0.183547
88	 12	 0.188189
89	 12	 0.193038
90	 12	 0.19811
91	 12	 0.203421
92	 12	 0.20899
93	 12	 0.214838
94	 12	 0.220986
95	 12	 0.22746
96	 12	 0.234286
97	 12	 0.241493
98	 12	 0.249116
99	 12	 0.257189
100	 12	 0.265754
101	 12	 0.274855
102	 12	 0.284542
103	 12	 0.29487
104	 12	 0.305901
105	 12	 0.317704
106	 12	 0.330354
107	 12	 0.343938
108	 12	 0.358549
109	 12	 0.374295
110	 12	 0.391291
111	 12	 0.409668
112	 12	 0.429566
113	 12	 0.451141
114	 12	 0.474559
115	 12	 0.499995
116	 12	 0.527631
117	 12	 0.557651
118	 12	 0.590225
119	 12	 0.625506
120	 12	 0.663604
121	 12	 0.704572
122	 12	 0.748375
123	 12	 0.794866
124	 12	 0.843766
125	 12	 0.894651
126	 12	 0.946955
127	 12	 1
0	 13	 0
1	 13	 0.00176407
2	 13	 0.00352811
3	 13	 0.0052921
4	 13	 0.00705601
5	 13	 0.00881983
6	 13	 0.0105835
7	 13	 0.0123471
8	 13	 0.0141105
9	 13	 0.0158738
10	 13	 0.017637
11	 13	 0.0194001
12	 13	 0.0211631
13	 13	 0.022926
14	 13	 0.0246889
15	 13	 0.0264519
16	 13	 0.0282151
17	 13	 0.0299784
18	 13	 0.0317421
19	 13	 0.0335062
20	 13	 0.035271
21	 13	 0.0370364
22	 13	 0.0388028
23	 13	 0.0405703
24	 13	 0.0423391
25	 13	 0.0441094
26	 13	 0.0458816
27	 13	 0.0476559
28	 13	 0.0494326
29	 13	 0.0512121
30	 13	 0.0529947
31	 13	 0.0547808
32	 13	 0.0565709
33	 13	 0.0583653
34	 13	 0.0601647
35	 13	 0.0619694
36	 13	 0.06378
37	 13	 0.0655973
38	 13	 0.0674216
39	 13	 0.0692539
40	 13	 0.0710946
41	 13	 0.0729447
42	 13	 0.0748049
43	 13	 0.076676
44	 13	 0.0785589
45	 13	 0.0804546
46	 13	 0.0823641
47	 13	 0.0842884
48	 13	 0.0862286
49	 13	 0.088186
50	 13	 0.0901617
51	 13	 0.092157
52	 13	 0.0941734
53	 13	 0.0962122
54	 13	 0.0982751
55	 13	 0.100364
56	 13	 0.102479
57	 13	 0.104624
58	 13	 0.1068
59	 13	 0.109009
60	 13	 0.111253
61	 13	 0.113535
62	 13	 0.115856
63	 13	 0.11822
64	 13	 0.120628
65	 13	 0.123084
66	 13	 0.125591
67	 13	 0.128152
68	 13	 0.13077
69	 13	 0.133449
70	 13	 0.136192
71	 13	 0.139004
72	 13	 0.141888
73	 13	 0.14485
74	 13	 0.147894
75	 13	 0.151026
76	 13	 0.154251
77	 13	 0.157574
78	 13	 0.161003
79	 13	 0.164544
80	 13	 0.168204
81	 13	 0.171992
82	 13	 0.175916
83	 13	 0.179984
84	 13	 0.184207
85	 13	 0.188595
86	 13	 0.193161
87	 13	 0.197915
88	 13	 0.202872
89	 13	 0.208047
90	 13	 0.213456
91	 13	 0.219115
92	 13	 0.225044
93	 13	 0.231264
94	 13	 0.237796
95	 13	 0.244667
96	 13	 0.251903
97	 13	 0.259535
98	 13	 0.267594
99	 13	 0.276118
100	 13	 0.285147
101	 13	 0.294723
102	 13	 0.304897
103	 13	 0.315722
104	 13	 0.327257
105	 13	 0.339569
106	 13	 0.35273
107	 13	 0.366819
108	 13	 0.381926
109	 13	 0.398148
110	 13	 0.41559
111	 13	 0.434367
112	 13	 0.454604
113	 13	 0.476433
114	 13	 0.499994
115	 13	 0.52543
116	 13	 0.552885
117	 13	 0.582496
118	 13	 0.614385
119	 13	 0.648652
120	 13	 0.685354
121	 13	 0.724494
122	 13	 0.766004
123	 13	 0.809724
124	 13	 0.855397
125	 13	 0.902655
126	 13	 0.951036
127	 13	 1
0	 14	 0
1	 14	 0.00189985
2	 14	 0.00379967
3	 14	 0.00569942
4	 14	 0.00759907
5	 14	 0.0094986
6	 14	 0.011398
7	 14	 0.0132972
8	 14	 0.0151962
9	 14	 0.0170951
10	 14	 0.0189938
11	 14	 0.0208923
12	 14	 0.0227907
13	 14	 0.0246889
14	 14	 0.0265871
15	 14	 0.0284854
16	 14	 0.0303836
17	 14	 0.0322821
18	 14	 0.0341808
19	 14	 0.0360799
20	 14	 0.0379796
21	 14	 0.03988
22	 14	 0.0417812
23	 14	 0.0436835
24	 14	 0.0455872
25	 14	 0.0474924
26	 14	 0.0493995
27	 14	 0.0513087
28	 14	 0.0532204
29	 14	 0.055135
30	 14	 0.0570527
31	 14	 0.0589741
32	 14	 0.0608996
33	 14	 0.0628297
34	 14	 0.0647648
35	 14	 0.0667056
36	 14	 0.0686526
37	 14	 0.0706065
38	 14	 0.0725679
39	 14	 0.0745375
40	 14	 0.0765161
41	 14	 0.0785045
42	 14	 0.0805036
43	 14	 0.0825142
44	 14	 0.0845373
45	 14	 0.0865738
46	 14	 0.088625
47	 14	 0.0906917
48	 14	 0.0927754
49	 14	 0.0948771
50	 14	 0.0969983
51	 14	 0.0991402
52	 14	 0.101304
53	 14	 0.103492
54	 14	 0.105706
55	 14	 0.107946
56	 14	 0.110216
57	 14	 0.112516
58	 14	 0.11485
59	 14	 0.117218
60	 14	 0.119623
61	 14	 0.122068
62	 14	 0.124556
63	 14	 0.127087
64	 14	 0.129667
65	 14	 0.132297
66	 14	 0.134981
67	 14	 0.137721
68	 14	 0.140522
69	 14	 0.143388
70	 14	 0.146321
71	 14	 0.149328
72	 14	 0.152411
73	 14	 0.155575
74	 14	 0.158827
75	 14	 0.16217
76	 14	 0.165612
77	 14	 0.169158
78	 14	 0.172815
79	 14	 0.17659
80	 14	 0.18049
81	 14	 0.184524
82	 14	 0.188701
83	 14	 0.19303
84	 14	 0.197521
85	 14	 0.202185
86	 14	 0.207033
87	 14	 0.21208
88	 14	 0.217338
89	 14	 0.222823
90	 14	 0.228551
91	 14	 0.234539
92	 14	 0.240807
93	 14	 0.247376
94	 14	 0.254268
95	 14	 0.261509
96	 14	 0.269126
97	 14	 0.277148
98	 14	 0.285609
99	 14	 0.294543
100	 14	 0.30399
101	 14	 0.313994
102	 14	 0.324601
103	 14	 0.335863
104	 14	 0.347837
105	 14	 0.360586
106	 14	 0.374176
107	 14	 0.388684
108	 14	 0.404189
109	 14	 0.42078
110	 14	 0.438552
111	 14	 0.457606
112	 14	 0.478049
113	 14	 0.499993
114	 14	 0.523554
115	 14	 0.548847
116	 14	 0.575982
117	 14	 0.605062
118	 14	 0.636169
119	 14	 0.669363
120	 14	 0.704664
121	 14	 0.742046
122	 14	 0.781421
123	 14	 0.822631
124	 14	 0.865441
125	 14	 0.909537
126	 14	 0.954535
127	 14	 1
0	 15	 0
1	 15	 0.00203567
2	 15	 0.00407129
3	 15	 0.00610684
4	 15	 0.00814226
5	 15	 0.0101775
6	 15	 0.0122126
7	 15	 0.0142475
8	 15	 0.0162821
9	 15	 0.0183165
10	 15	 0.0203507
11	 15	 0.0223847
12	 15	 0.0244184
13	 15	 0.0264519
14	 15	 0.0284854
15	 15	 0.0305187
16	 15	 0.032552
17	 15	 0.0345855
18	 15	 0.0366191
19	 15	 0.0386531
20	 15	 0.0406875
21	 15	 0.0427226
22	 15	 0.0447585
23	 15	 0.0467955
24	 15	 0.0488338
25	 15	 0.0508736
26	 15	 0.0529153
27	 15	 0.0549591
28	 15	 0.0570054
29	 15	 0.0590546
30	 15	 0.0611071
31	 15	 0.0631633
32	 15	 0.0652238
33	 15	 0.0672889
34	 15	 0.0693593
35	 15	 0.0714356
36	 15	 0.0735183
37	 15	 0.0756082
38	 15	 0.0777059
39	 15	 0.0798122
40	 15	 0.0819278
41	 15	 0.0840537
42	 15	 0.0861908
43	 15	 0.0883399
44	 15	 0.0905022
45	 15	 0.0926785
46	 15	 0.0948702
47	 15	 0.0970782
48	 15	 0.099304
49	 15	 0.101549
50	 15	 0.103814
51	 15	 0.106101
52	 15	 0.108412
53	 15	 0.110747
54	 15	 0.113109
55	 15	 0.1155
56	 15	 0.117922
57	 15	 0.120375
58	 15	 0.122864
59	 15	 0.125389
60	 15	 0.127954
61	 15	 0.13056
62	 15	 0.13321
63	 15	 0.135908
64	 15	 0.138655
65	 15	 0.141456
66	 15	 0.144313
67	 15	 0.14723
68	 15	 0.150211
69	 15	 0.153259
70	 15	 0.156379
71	 15	 0.159574
72	 15	 0.162851
73	 15	 0.166213
74	 15	 0.169667
75	 15	 0.173217
76	 15	 0.176869
77	 15	 0.180631
78	 15	 0.184509
79	 15	 0.18851
80	 15	 0.192642
81	 15	 0.196914
82	 15	 0.201335
83	 15	 0.205914
84	 15	 0.210661
85	 15	 0.215589
86	 15	 0.220709
87	 15	 0.226034
88	 15	 0.231578
89	 15	 0.237356
90	 15	 0.243385
91	 15	 0.249684
92	 15	 0.25627
93	 15	 0.263165
94	 15	 0.270392
95	 15	 0.277976
96	 15	 0.285943
97	 15	 0.294324
98	 15	 0.303149
99	 15	 0.312455
100	 15	 0.322278
101	 15	 0.332662
102	 15	 0.34365
103	 15	 0.355292
104	 15	 0.367643
105	 15	 0.38076
106	 15	 0.394706
107	 15	 0.40955
108	 15	 0.425366
109	 15	 0.442233
110	 15	 0.460233
111	 15	 0.479456
112	 15	 0.499993
113	 15	 0.521937
114	 15	 0.545383
115	 15	 0.570421
116	 15	 0.597136
117	 15	 0.6256
118	 15	 0.655867
119	 15	 0.687966
120	 15	 0.721894
121	 15	 0.757605
122	 15	 0.795004
123	 15	 0.833939
124	 15	 0.874199
125	 15	 0.915515
126	 15	 0.957568
127	 15	 1
0	 16	 0
1	 16	 0.00217152
2	 16	 0.004343
3	 16	 0.00651437
4	 16	 0.0086856
5	 16	 0.0108566
6	 16	 0.0130274
7	 16	 0.015198
8	 16	 0.0173683
9	 16	 0.0195382
10	 16	 0.0217079
11	 16	 0.0238772
12	 16	 0.0260463
13	 16	 0.0282151
14	 16	 0.0303836
15	 16	 0.032552
16	 16	 0.0347204
17	 16	 0.0368887
18	 16	 0.0390571
19	 16	 0.0412258
20	 16	 0.0433948
21	 16	 0.0455644
22	 16	 0.0477348
23	 16	 0.0499062
24	 16	 0.0520788
25	 16	 0.0542529
26	 16	 0.0564289
27	 16	 0.0586069
28	 16	 0.0607875
29	 16	 0.062971
30	 16	 0.0651578
31	 16	 0.0673484
32	 16	 0.0695432
33	 16	 0.0717429
34	 16	 0.073948
35	 16	 0.0761591
36	 16	 0.0783769
37	 16	 0.080602
38	 16	 0.0828353
39	 16	 0.0850774
40	 16	 0.0873293
41	 16	 0.0895918
42	 16	 0.0918659
43	 16	 0.0941526
44	 16	 0.0964529
45	 16	 0.0987679
46	 16	 0.101099
47	 16	 0.103447
48	 16	 0.105814
49	 16	 0.1082
50	 16	 0.110608
51	 16	 0.113039
52	 16	 0.115494
53	 16	 0.117975
54	 16	 0.120485
55	 16	 0.123024
56	 16	 0.125595
57	 16	 0.1282
58	 16	 0.130841
59	 16	 0.133521
60	 16	 0.136242
61	 16	 0.139007
62	 16	 0.141818
63	 16	 0.144678
64	 16	 0.14759
65	 16	 0.150558
66	 16	 0.153585
67	 16	 0.156675
68	 16	 0.159831
69	 16	 0.163058
70	 16	 0.16636
71	 16	 0.169741
72	 16	 0.173206
73	 16	 0.176761
74	 16	 0.18041
75	 16	 0.18416
76	 16	 0.188018
77	 16	 0.191988
78	 16	 0.19608
79	 16	 0.200299
80	 16	 0.204655
81	 16	 0.209155
82	 16	 0.21381
83	 16	 0.218629
84	 16	 0.223622
85	 16	 0.228801
86	 16	 0.234179
87	 16	 0.239768
88	 16	 0.245582
89	 16	 0.251638
90	 16	 0.257951
91	 16	 0.26454
92	 16	 0.271423
93	 16	 0.278622
94	 16	 0.286159
95	 16	 0.294058
96	 16	 0.302347
97	 16	 0.311054
98	 16	 0.32021
99	 16	 0.329848
100	 16	 0.340007
101	 16	 0.350724
102	 16	 0.362044
103	 16	 0.374014
104	 16	 0.386682
105	 16	 0.400104
106	 16	 0.414338
107	 16	 0.429445
108	 16	 0.445493
109	 16	 0.462551
110	 16	 0.480692
111	 16	 0.499992
112	 16	 0.520529
113	 16	 0.542379
114	 16	 0.565619
115	 16	 0.590319
116	 16	 0.616541
117	 16	 0.644334
118	 16	 0.673731
119	 16	 0.704741
120	 16	 0.737341
121	 16	 0.771477
122	 16	 0.807051
123	 16	 0.843921
124	 16	 0.881901
125	 16	 0.920757
126	 16	 0.960223
127	 16	 1
0	 17	 0
1	 17	 0.00230743
2	 17	 0.0046148
3	 17	 0.00692205
4	 17	 0.00922913
5	 17	 0.011536
6	 17	 0.0138425
7	 17	 0.0161488
8	 17	 0.0184547
9	 17	 0.0207602
10	 17	 0.0230654
11	 17	 0.0253701
12	 17	 0.0276744
13	 17	 0.0299784
14	 17	 0.0322821
15	 17	 0.0345855
16	 17	 0.0368887
17	 17	 0.0391917
18	 17	 0.0414948
19	 17	 0.043798
20	 17	 0.0461015
21	 17	 0.0484055
22	 17	 0.0507101
23	 17	 0.0530157
24	 17	 0.0553224
25	 17	 0.0576305
26	 17	 0.0599403
27	 17	 0.0622523
28	 17	 0.0645667
29	 17	 0.066884
30	 17	 0.0692047
31	 17	 0.0715291
32	 17	 0.0738579
33	 17	 0.0761915
34	 17	 0.0785307
35	 17	 0.080876
36	 17	 0.0832281
37	 17	 0.0855878
38	 17	 0.0879558
39	 17	 0.090333
40	 17	 0.0927202
41	 17	 0.0951183
42	 17	 0.0975285
43	 17	 0.0999516
44	 17	 0.102389
45	 17	 0.104841
46	 17	 0.107311
47	 17	 0.109797
48	 17	 0.112303
49	 17	 0.11483
50	 17	 0.117379
51	 17	 0.119952
52	 17	 0.12255
53	 17	 0.125175
54	 17	 0.12783
55	 17	 0.130515
56	 17	 0.133234
57	 17	 0.135988
58	 17	 0.13878
59	 17	 0.141612
60	 17	 0.144487
61	 17	 0.147407
62	 17	 0.150376
63	 17	 0.153396
64	 17	 0.15647
65	 17	 0.159602
66	 17	 0.162795
67	 17	 0.166054
68	 17	 0.169382
69	 17	 0.172783
70	 17	 0.176261
71	 17	 0.179823
72	 17	 0.183471
73	 17	 0.187213
74	 17	 0.191053
75	 17	 0.194997
76	 17	 0.199052
77	 17	 0.203225
78	 17	 0.207522
79	 17	 0.211952
80	 17	 0.216523
81	 17	 0.221243
82	 17	 0.226122
83	 17	 0.231169
84	 17	 0.236397
85	 17	 0.241815
86	 17	 0.247438
87	 17	 0.253276
88	 17	 0.259346
89	 17	 0.265663
90	 17	 0.272242
91	 17	 0.279101
92	 17	 0.286261
93	 17	 0.293741
94	 17	 0.301563
95	 17	 0.309752
96	 17	 0.318333
97	 17	 0.327335
98	 17	 0.336787
99	 17	 0.346722
100	 17	 0.357175
101	 17	 0.368185
102	 17	 0.37979
103	 17	 0.392036
104	 17	 0.404968
105	 17	 0.418637
106	 17	 0.433096
107	 17	 0.4484
108	 17	 0.46461
109	 17	 0.481785
110	 17	 0.499991
111	 17	 0.519291
112	 17	 0.539751
113	 17	 0.561432
114	 17	 0.584396
115	 17	 0.608695
116	 17	 0.634374
117	 17	 0.661466
118	 17	 0.689984
119	 17	 0.719924
120	 17	 0.751253
121	 17	 0.783911
122	 17	 0.817802
123	 17	 0.852795
124	 17	 0.888725
125	 17	 0.925391
126	 17	 0.962566
127	 17	 1
0	 18	 0
1	 18	 0.0024434
2	 18	 0.00488673
3	 18	 0.00732991
4	 18	 0.00977289
5	 18	 0.0122156
6	 18	 0.014658
7	 18	 0.0170999
8	 18	 0.0195415
9	 18	 0.0219826
10	 18	 0.0244232
11	 18	 0.0268633
12	 18	 0.029303
13	 18	 0.0317421
14	 18	 0.0341808
15	 18	 0.0366191
16	 18	 0.0390571
17	 18	 0.0414948
18	 18	 0.0439324
19	 18	 0.04637
20	 18	 0.0488078
21	 18	 0.0512459
22	 18	 0.0536846
23	 18	 0.056124
24	 18	 0.0585645
25	 18	 0.0610062
26	 18	 0.0634497
27	 18	 0.0658952
28	 18	 0.068343
29	 18	 0.0707937
30	 18	 0.0732477
31	 18	 0.0757055
32	 18	 0.0781676
33	 18	 0.0806347
34	 18	 0.0831073
35	 18	 0.0855861
36	 18	 0.0880718
37	 18	 0.0905652
38	 18	 0.0930672
39	 18	 0.0955785
40	 18	 0.0981
41	 18	 0.100633
42	 18	 0.103178
43	 18	 0.105737
44	 18	 0.10831
45	 18	 0.110898
46	 18	 0.113504
47	 18	 0.116129
48	 18	 0.118773
49	 18	 0.121438
50	 18	 0.124126
51	 18	 0.126839
52	 18	 0.129579
53	 18	 0.132346
54	 18	 0.135144
55	 18	 0.137974
56	 18	 0.140838
57	 18	 0.143739
58	 18	 0.146679
59	 18	 0.149661
60	 18	 0.152687
61	 18	 0.15576
62	 18	 0.158883
63	 18	 0.162059
64	 18	 0.165291
65	 18	 0.168584
66	 18	 0.17194
67	 18	 0.175364
68	 18	 0.178859
69	 18	 0.182429
70	 18	 0.186081
71	 18	 0.189817
72	 18	 0.193644
73	 18	 0.197567
74	 18	 0.201591
75	 18	 0.205723
76	 18	 0.209969
77	 18	 0.214336
78	 18	 0.218832
79	 18	 0.223464
80	 18	 0.228241
81	 18	 0.233171
82	 18	 0.238264
83	 18	 0.24353
84	 18	 0.24898
85	 18	 0.254626
86	 18	 0.260479
87	 18	 0.266554
88	 18	 0.272864
89	 18	 0.279424
90	 18	 0.286252
91	 18	 0.293363
92	 18	 0.300778
93	 18	 0.308517
94	 18	 0.316601
